Chr	Pos	Ref	Alt	Nr_Ref	Nr_Alt	DP	VAF
1	914333	C	G	86	84	170	0.494117647058824
1	1114668	G	A	7	7	14	0.5
1	1116182	C	T	71	69	140	0.492857142857143
1	1178482	A	G	102	101	203	0.497536945812808
1	1262276	C	T	85	83	172	0.482558139534884
1	1423267	A	G	97	97	197	0.49238578680203
1	1551927	T	C	24	24	48	0.5
1	1861582	C	T	11	10	21	0.476190476190476
1	1891477	A	G	95	91	186	0.489247311827957
1	1960674	C	T	82	80	162	0.493827160493827
1	2541269	A	G	6	6	12	0.5
1	3388269	G	A	87	84	171	0.491228070175439
1	3677933	T	C	68	71	143	0.496503496503497
1	3745924	G	A	77	73	150	0.486666666666667
1	6473294	A	G	91	85	176	0.482954545454545
1	6525257	C	T	28	26	54	0.481481481481481
1	6711146	T	C	59	57	116	0.491379310344828
1	7870048	T	C	59	56	115	0.48695652173913
1	7913029	A	G	86	83	169	0.49112426035503
1	9009352	A	T	12	12	24	0.5
1	9017204	A	G	66	63	129	0.488372093023256
1	9034421	G	A	60	57	117	0.487179487179487
1	9640253	C	A	108	105	213	0.492957746478873
1	10521649	C	T	14	14	28	0.5
1	11097867	C	T	8	8	16	0.5
1	11141187	C	G	106	100	206	0.485436893203884
1	12779618	T	C	8	8	16	0.5
1	12918963	G	T	99	95	194	0.489690721649485
1	13910417	C	T	10	9	19	0.473684210526316
1	15438990	G	A	83	80	163	0.49079754601227
1	15490865	T	A	86	80	166	0.481927710843373
1	16044401	G	A	12	12	24	0.5
1	17396703	T	C	84	83	168	0.494047619047619
1	17674537	C	A	51	52	103	0.504854368932039
1	17952477	T	C	78	75	153	0.490196078431373
1	19415439	C	T	9	7	16	0.4375
1	19595137	C	T	91	88	179	0.491620111731844
1	19652063	G	A	96	94	190	0.494736842105263
1	20411332	C	T	16	15	31	0.483870967741935
1	21024901	C	T	5	5	10	0.5
1	21044161	A	G	7	6	13	0.461538461538462
1	21573722	G	A	83	80	163	0.49079754601227
1	24201109	C	T	25	24	49	0.489795918367347
1	24413159	T	C	76	74	150	0.493333333333333
1	24417419	T	C	30	28	58	0.482758620689655
1	24421950	C	G	97	93	190	0.489473684210526
1	24426249	G	A	99	94	196	0.479591836734694
1	24465113	C	T	97	98	201	0.487562189054726
1	24710405	A	G	80	80	160	0.5
1	25554719	G	A	11	10	21	0.476190476190476
1	25570081	T	C	83	83	166	0.5
1	26357667	G	A	83	77	160	0.48125
1	26596080	G	A	110	106	218	0.486238532110092
1	26887592	T	C	23	21	44	0.477272727272727
1	27339103	G	T	10	8	18	0.444444444444444
1	31733926	A	G	67	63	130	0.484615384615385
1	31840291	G	A	38	36	74	0.486486486486487
1	31898234	T	C	80	79	159	0.49685534591195
1	32193647	T	C	6	6	12	0.5
1	33087437	G	A	121	118	241	0.489626556016597
1	34270498	G	A	69	67	137	0.489051094890511
1	34401453	A	G	8	7	15	0.466666666666667
1	35900615	A	G	79	79	159	0.49685534591195
1	36202585	G	A	72	67	139	0.482014388489209
1	36888462	A	G	87	85	172	0.494186046511628
1	38019747	C	T	9	8	17	0.470588235294118
1	38348506	G	A	70	70	140	0.5
1	38449910	T	C	86	82	168	0.488095238095238
1	39914363	G	C	169	176	345	0.510144927536232
1	40037354	C	G	52	50	102	0.490196078431373
1	43108188	G	A	77	72	149	0.483221476510067
1	46660295	T	C	98	92	190	0.484210526315789
1	46870761	C	A	9	9	18	0.5
1	47131319	A	T	42	43	86	0.5
1	47280927	T	G	5	5	10	0.5
1	52520741	T	A	78	76	154	0.493506493506494
1	52854961	G	A	86	82	168	0.488095238095238
1	53442376	A	G	9	9	18	0.5
1	53532535	G	C	27	27	54	0.5
1	53537266	G	A	96	92	189	0.486772486772487
1	53553702	A	G	124	112	237	0.472573839662447
1	53558270	A	G	9	8	17	0.470588235294118
1	53712727	C	T	9	9	18	0.5
1	54060016	G	C	7	7	14	0.5
1	54686374	T	C	5	6	12	0.5
1	55524248	C	T	110	109	222	0.490990990990991
1	60503762	T	C	93	88	181	0.486187845303867
1	62380298	G	A	86	83	169	0.49112426035503
1	62456014	G	A	8	7	15	0.466666666666667
1	63999868	T	C	84	82	166	0.493975903614458
1	64021096	G	A	85	82	167	0.491017964071856
1	64676452	T	C	76	71	148	0.47972972972973
1	65310489	T	C	49	48	97	0.494845360824742
1	65860687	A	C	77	78	156	0.5
1	66067109	T	C	8	7	15	0.466666666666667
1	67288045	C	T	91	85	176	0.482954545454545
1	67633812	G	T	73	68	142	0.47887323943662
1	68624878	C	T	64	64	128	0.5
1	75190452	C	T	88	87	176	0.494318181818182
1	75672376	A	G	85	83	169	0.49112426035503
1	75716925	C	T	13	11	24	0.458333333333333
1	76257892	A	T	10	10	20	0.5
1	76344711	A	T	80	77	157	0.490445859872611
1	76397972	C	T	113	112	226	0.495575221238938
1	78585086	T	C	73	70	143	0.48951048951049
1	85029085	A	G	56	52	108	0.481481481481481
1	86852621	A	G	30	26	56	0.464285714285714
1	87043733	C	T	15	15	30	0.5
1	89637578	G	A	101	99	200	0.495
1	91782031	T	C	77	75	152	0.493421052631579
1	92445257	C	G	9	8	17	0.470588235294118
1	92554283	G	A	9	8	17	0.470588235294118
1	92946479	G	A	6	5	11	0.454545454545455
1	93672723	A	C	8	8	16	0.5
1	94341267	A	G	87	85	173	0.491329479768786
1	94639447	C	T	56	53	109	0.486238532110092
1	99418647	G	C	6	5	11	0.454545454545455
1	100203648	C	T	9	9	18	0.5
1	100472604	A	G	74	72	146	0.493150684931507
1	103548497	A	C	70	66	137	0.481751824817518
1	108307727	T	A	82	81	163	0.496932515337423
1	109338861	G	C	73	69	142	0.485915492957746
1	109740128	C	G	82	81	163	0.496932515337423
1	110164963	C	T	117	116	235	0.493617021276596
1	110998854	G	A	7	7	14	0.5
1	113010178	G	A	6	6	12	0.5
1	113236681	C	T	84	80	164	0.48780487804878
1	113636160	A	G	72	69	141	0.48936170212766
1	114449662	T	C	64	62	126	0.492063492063492
1	116243877	G	A	68	65	133	0.488721804511278
1	117576631	C	T	6	6	12	0.5
1	118644430	A	G	12	12	24	0.5
1	119923724	T	C	45	44	91	0.483516483516484
1	120057002	T	C	94	88	182	0.483516483516484
1	146714392	G	C	85	83	169	0.49112426035503
1	149908108	A	G	78	75	153	0.490196078431373
1	150999737	A	G	12	11	23	0.478260869565217
1	151747970	A	G	81	79	160	0.49375
1	152323132	G	T	9	9	18	0.5
1	152384630	G	A	15	15	30	0.5
1	152777964	G	A	105	103	209	0.492822966507177
1	153234295	G	A	46	40	86	0.465116279069767
1	153517172	T	C	84	78	162	0.481481481481481
1	153745128	G	C	79	78	157	0.496815286624204
1	153994647	C	T	7	6	13	0.461538461538462
1	154904863	G	A	47	50	99	0.505050505050505
1	156627996	T	C	85	82	168	0.488095238095238
1	156760887	C	A	12	11	23	0.478260869565217
1	156907115	T	C	14	13	27	0.481481481481481
1	158631171	A	C	29	27	56	0.482142857142857
1	159169641	T	C	10	9	19	0.473684210526316
1	160854620	T	C	102	96	198	0.484848484848485
1	161748056	C	T	90	88	178	0.49438202247191
1	161751741	A	G	70	67	138	0.485507246376812
1	161761312	C	T	86	82	168	0.488095238095238
1	162367071	C	T	89	85	174	0.488505747126437
1	163309219	A	T	78	83	166	0.5
1	165652273	A	G	94	89	183	0.486338797814208
1	166958710	T	G	86	83	169	0.49112426035503
1	167059575	G	T	79	73	152	0.480263157894737
1	167849414	A	G	87	84	171	0.491228070175439
1	169390957	A	T	10	10	20	0.5
1	169828327	G	A	15	15	30	0.5
1	169951997	C	T	82	80	162	0.493827160493827
1	170964656	C	G	112	112	224	0.5
1	171115645	G	T	68	66	134	0.492537313432836
1	171254485	A	G	93	84	177	0.474576271186441
1	171755182	G	A	7	6	13	0.461538461538462
1	172437592	G	A	12	12	24	0.5
1	173516871	G	C	75	73	151	0.483443708609272
1	173596273	A	G	84	80	165	0.484848484848485
1	176863867	T	C	65	63	128	0.4921875
1	177902725	C	T	13	13	26	0.5
1	179310439	C	T	9	7	16	0.4375
1	179783045	C	T	6	6	12	0.5
1	183093875	T	C	38	36	74	0.486486486486487
1	183094547	T	C	62	59	121	0.487603305785124
1	184020945	G	A	45	43	88	0.488636363636364
1	184677464	G	A	12	11	23	0.478260869565217
1	186101539	A	G	90	85	175	0.485714285714286
1	196711067	G	T	98	95	193	0.492227979274611
1	197030201	T	C	10	12	24	0.5
1	198498234	C	G	107	104	211	0.492890995260663
1	198704294	C	T	77	73	151	0.483443708609272
1	200143281	C	T	13	11	24	0.458333333333333
1	201252866	C	T	78	76	154	0.493506493506494
1	201777250	C	T	56	51	107	0.476635514018692
1	201952598	G	A	88	85	173	0.491329479768786
1	202276494	C	T	28	28	56	0.5
1	202574784	G	A	13	11	24	0.458333333333333
1	202715284	G	A	82	79	161	0.490683229813665
1	203008286	C	G	9	7	16	0.4375
1	203152801	T	C	34	33	67	0.492537313432836
1	203821314	G	A	63	61	124	0.491935483870968
1	204120952	G	T	7	7	14	0.5
1	205306590	G	A	7	7	14	0.5
1	205308335	G	A	10	9	19	0.473684210526316
1	205353492	A	C	73	74	148	0.5
1	206230986	G	A	67	64	131	0.488549618320611
1	206327510	T	C	13	12	25	0.48
1	207140440	C	T	88	86	175	0.491428571428571
1	207304900	T	C	42	42	84	0.5
1	207851611	A	G	28	27	55	0.490909090909091
1	209782343	A	G	93	85	178	0.47752808988764
1	210004199	C	G	9	8	17	0.470588235294118
1	211836789	T	C	114	108	223	0.484304932735426
1	215342573	C	T	82	77	159	0.484276729559748
1	217915324	C	T	73	70	143	0.48951048951049
1	217947738	G	A	47	46	93	0.494623655913978
1	220239448	T	C	73	71	144	0.493055555555556
1	222919895	T	G	8	7	15	0.466666666666667
1	225528183	C	A	10	9	19	0.473684210526316
1	227069677	T	C	83	82	165	0.496969696969697
1	228391808	G	T	69	66	135	0.488888888888889
1	228434395	T	C	112	105	218	0.481651376146789
1	228526665	T	C	61	60	121	0.495867768595041
1	229594003	C	T	35	33	68	0.485294117647059
1	229631734	T	C	72	69	141	0.48936170212766
1	230845794	A	G	88	86	174	0.494252873563218
1	230928637	G	A	84	85	171	0.497076023391813
1	234041317	C	T	7	6	13	0.461538461538462
1	234745166	G	A	52	52	104	0.5
1	235392546	T	C	99	95	194	0.489690721649485
1	235993565	T	G	9	9	18	0.5
1	236557804	G	A	7	7	14	0.5
1	236702374	G	A	10	10	20	0.5
1	236717926	T	C	12	12	24	0.5
1	236737983	A	G	73	68	141	0.482269503546099
1	236744712	C	A	7	7	14	0.5
1	236755837	C	T	70	68	138	0.492753623188406
1	236758887	T	C	93	89	182	0.489010989010989
1	236925844	G	A	113	108	223	0.484304932735426
1	237814783	C	T	89	84	173	0.485549132947977
1	247320258	A	G	6	5	11	0.454545454545455
1	248845471	T	C	7	7	14	0.5
10	1054946	A	G	85	83	168	0.494047619047619
10	3155353	C	T	92	87	179	0.486033519553073
10	4875664	G	A	75	74	150	0.493333333333333
10	5136651	C	G	10	10	20	0.5
10	5437365	A	G	9	8	17	0.470588235294118
10	5567366	G	A	79	76	155	0.490322580645161
10	6000259	T	C	87	86	177	0.485875706214689
10	7285632	A	G	22	19	41	0.463414634146341
10	13534851	A	G	85	82	167	0.491017964071856
10	15646225	T	C	92	86	178	0.48314606741573
10	18254595	C	T	78	76	154	0.493506493506494
10	26355992	A	G	84	75	159	0.471698113207547
10	26357748	G	A	81	78	159	0.490566037735849
10	27303605	A	T	133	130	266	0.488721804511278
10	28378758	T	C	11	10	21	0.476190476190476
10	32120678	C	T	39	38	77	0.493506493506494
10	33134811	T	C	90	83	173	0.479768786127168
10	34408636	T	C	8	7	15	0.466666666666667
10	34620220	C	T	73	67	140	0.478571428571429
10	37454048	C	G	79	76	155	0.490322580645161
10	37488689	G	C	130	128	259	0.494208494208494
10	44112245	G	A	79	81	162	0.5
10	50038800	A	G	82	77	159	0.484276729559748
10	50183042	G	A	65	64	131	0.488549618320611
10	52005153	A	G	63	61	124	0.491935483870968
10	52071059	C	T	41	35	76	0.460526315789474
10	61552774	C	T	58	57	115	0.495652173913044
10	61965625	A	G	96	91	187	0.486631016042781
10	69571336	G	A	136	136	272	0.5
10	70230336	A	C	56	54	110	0.490909090909091
10	71176012	A	G	89	85	174	0.488505747126437
10	71392557	C	T	106	106	212	0.5
10	71874048	G	A	90	85	175	0.485714285714286
10	73558952	C	T	120	118	238	0.495798319327731
10	76854564	C	T	11	10	21	0.476190476190476
10	81926702	G	A	76	73	149	0.48993288590604
10	85984423	C	T	9	8	17	0.470588235294118
10	88126072	G	A	82	78	160	0.4875
10	90583092	T	G	54	52	106	0.490566037735849
10	90771829	T	C	74	70	144	0.486111111111111
10	91172663	C	G	70	65	135	0.481481481481481
10	91352966	G	A	60	58	118	0.491525423728814
10	91470834	A	C	81	78	159	0.490566037735849
10	91498318	A	G	8	8	16	0.5
10	94333827	G	A	7	6	13	0.461538461538462
10	94594565	G	A	81	78	160	0.4875
10	95163809	G	T	14	13	27	0.481481481481481
10	95279506	A	T	91	92	185	0.497297297297297
10	95848924	T	C	10	9	19	0.473684210526316
10	96114835	G	A	97	94	191	0.492146596858639
10	96313960	A	C	77	75	152	0.493421052631579
10	96748737	A	T	64	64	128	0.5
10	96818119	G	C	95	91	186	0.489247311827957
10	96971638	G	A	120	109	229	0.475982532751092
10	99006083	G	A	80	75	155	0.483870967741935
10	99439541	G	C	85	83	168	0.494047619047619
10	100167396	G	A	108	102	210	0.485714285714286
10	101542578	C	T	90	93	188	0.49468085106383
10	101667792	C	T	10	8	18	0.444444444444444
10	103368654	T	C	23	23	46	0.5
10	104229785	C	T	50	46	96	0.479166666666667
10	105177564	G	A	9	7	16	0.4375
10	105238592	G	A	5	5	10	0.5
10	105659826	T	C	22	21	43	0.488372093023256
10	105810400	T	C	79	76	155	0.490322580645161
10	114200355	G	A	70	66	136	0.485294117647059
10	115372156	G	A	7	6	13	0.461538461538462
10	115422474	A	G	86	84	170	0.494117647058824
10	115644040	G	A	67	66	135	0.488888888888889
10	116335246	G	A	10	11	22	0.5
10	116615045	T	C	88	87	175	0.497142857142857
10	118228763	T	C	92	89	181	0.49171270718232
10	118368606	T	C	71	68	139	0.489208633093525
10	118397884	A	G	106	106	212	0.5
10	121693246	A	G	102	95	197	0.482233502538071
10	123687456	G	A	81	80	161	0.496894409937888
10	123847355	G	A	58	57	115	0.495652173913044
10	124089036	G	A	44	42	86	0.488372093023256
10	124351013	C	T	57	54	111	0.486486486486487
10	124742792	G	A	15	15	30	0.5
10	128191368	T	C	75	73	148	0.493243243243243
10	129904560	C	T	81	76	157	0.484076433121019
10	133954011	C	T	82	79	161	0.490683229813665
10	134062574	G	A	69	68	137	0.496350364963504
10	134137777	A	G	8	6	14	0.428571428571429
10	134884546	A	G	6	6	12	0.5
10	135237166	G	A	14	12	26	0.461538461538462
11	557584	G	A	83	82	167	0.491017964071856
11	720197	C	T	8	7	15	0.466666666666667
11	870467	C	T	89	81	170	0.476470588235294
11	1081112	G	C	8	7	15	0.466666666666667
11	1101649	T	C	82	75	159	0.471698113207547
11	1248087	G	A	19	19	38	0.5
11	1250488	C	T	7	6	13	0.461538461538462
11	1255773	C	T	87	81	168	0.482142857142857
11	1273646	T	C	13	11	24	0.458333333333333
11	2181073	G	A	85	79	164	0.481707317073171
11	2330596	C	T	97	91	188	0.484042553191489
11	2417893	C	T	7	7	14	0.5
11	2438963	C	A	91	90	181	0.497237569060773
11	2929552	A	G	83	81	164	0.49390243902439
11	3038363	G	T	9	9	18	0.5
11	4103524	A	G	8	6	14	0.428571428571429
11	4880892	T	C	6	5	11	0.454545454545455
11	5475597	C	T	112	109	222	0.490990990990991
11	5663706	G	C	87	81	168	0.482142857142857
11	5700340	T	C	84	83	167	0.497005988023952
11	5757785	C	T	11	10	21	0.476190476190476
11	5877979	T	A	11	10	21	0.476190476190476
11	7686674	T	C	12	12	24	0.5
11	8061219	G	A	86	81	167	0.48502994011976
11	8671369	C	T	5	5	10	0.5
11	8788225	A	C	72	70	142	0.492957746478873
11	11913585	G	T	8	8	16	0.5
11	16837788	G	A	32	33	66	0.5
11	17496516	A	G	14	13	27	0.481481481481481
11	17593709	T	C	9	7	16	0.4375
11	17632675	C	T	6	5	11	0.454545454545455
11	18159254	A	G	28	28	56	0.5
11	18231289	C	A	113	110	224	0.491071428571429
11	18291321	T	C	77	75	152	0.493421052631579
11	18729367	G	T	98	90	188	0.478723404255319
11	20404613	T	G	61	59	120	0.491666666666667
11	20673867	G	A	12	12	24	0.5
11	26568966	A	G	91	88	179	0.491620111731844
11	26734209	C	T	84	80	165	0.484848484848485
11	31327316	C	T	13	13	26	0.5
11	33604885	C	T	6	6	12	0.5
11	35229673	T	C	89	86	175	0.491428571428571
11	43940644	G	T	74	71	146	0.486301369863014
11	45203848	G	A	6	5	11	0.454545454545455
11	46890197	G	A	98	87	185	0.47027027027027
11	47298360	G	A	79	73	152	0.480263157894737
11	47444462	T	C	115	112	228	0.491228070175439
11	55595081	C	T	11	9	20	0.45
11	55978956	G	A	99	93	192	0.484375
11	57155288	T	C	90	88	178	0.49438202247191
11	58190578	G	T	91	89	182	0.489010989010989
11	60050125	A	G	78	77	155	0.496774193548387
11	60198328	C	T	9	9	18	0.5
11	60501102	G	A	96	94	190	0.494736842105263
11	60695301	C	A	7	6	13	0.461538461538462
11	61722645	C	A	79	79	158	0.5
11	61913196	G	T	18	18	36	0.5
11	62656046	A	C	7	7	14	0.5
11	62951221	C	G	53	53	106	0.5
11	64009879	G	A	46	41	87	0.471264367816092
11	64521154	G	C	9	8	17	0.470588235294118
11	64591972	T	C	89	84	173	0.485549132947977
11	65161129	C	T	82	79	161	0.490683229813665
11	67034266	C	A	115	110	226	0.486725663716814
11	67135026	G	A	8	8	16	0.5
11	67379016	T	C	9	8	17	0.470588235294118
11	68671477	T	C	73	70	144	0.486111111111111
11	69462910	G	A	18	17	35	0.485714285714286
11	71192439	C	A	15	15	30	0.5
11	71733433	C	T	12	11	23	0.478260869565217
11	73717254	A	G	116	115	233	0.493562231759657
11	73806443	C	T	8	8	16	0.5
11	74563077	G	A	104	100	205	0.48780487804878
11	74883577	G	A	89	85	174	0.488505747126437
11	74907721	C	T	93	88	181	0.486187845303867
11	75511469	G	A	7	6	13	0.461538461538462
11	75848346	A	G	77	72	149	0.483221476510067
11	76928149	A	G	9	8	17	0.470588235294118
11	76954812	T	C	11	9	20	0.45
11	77409568	T	C	7	6	13	0.461538461538462
11	77583266	G	A	5	5	10	0.5
11	78279790	T	G	80	78	158	0.493670886075949
11	82973004	C	T	66	63	129	0.488372093023256
11	85447611	T	C	82	81	163	0.496932515337423
11	85725937	C	T	87	85	172	0.494186046511628
11	89017961	G	A	36	34	70	0.485714285714286
11	93402096	C	A	66	63	129	0.488372093023256
11	93458943	A	G	37	35	72	0.486111111111111
11	93460160	A	C	8	7	15	0.466666666666667
11	93837699	G	A	13	13	26	0.5
11	93862493	A	C	86	81	167	0.48502994011976
11	94318671	A	G	87	82	169	0.485207100591716
11	95564259	A	G	8	7	15	0.466666666666667
11	100665888	G	A	107	95	202	0.47029702970297
11	100814570	A	G	111	108	219	0.493150684931507
11	100847069	G	A	118	113	231	0.489177489177489
11	102318968	T	C	95	91	186	0.489247311827957
11	102565731	C	T	102	99	204	0.485294117647059
11	102576375	G	A	86	83	169	0.49112426035503
11	102595579	G	C	75	73	148	0.493243243243243
11	103052558	T	C	68	63	131	0.480916030534351
11	103780455	A	G	13	11	24	0.458333333333333
11	103908735	G	A	84	79	163	0.484662576687117
11	107260891	T	C	8	7	15	0.466666666666667
11	107286943	C	T	88	85	174	0.488505747126437
11	107992346	G	C	10	10	20	0.5
11	110495002	A	T	128	124	252	0.492063492063492
11	111325007	C	T	10	9	19	0.473684210526316
11	111795085	C	G	11	9	20	0.45
11	112020916	T	G	72	72	144	0.5
11	116633947	G	A	57	56	113	0.495575221238938
11	116693464	C	T	91	88	179	0.491620111731844
11	117063709	C	G	9	8	17	0.470588235294118
11	118178007	C	T	15	14	29	0.482758620689655
11	118509668	A	G	82	83	165	0.503030303030303
11	118529703	G	A	73	72	145	0.496551724137931
11	118530611	T	C	99	95	194	0.489690721649485
11	118827655	G	T	11	10	21	0.476190476190476
11	119181170	T	C	90	85	175	0.485714285714286
11	119290034	G	C	7	6	13	0.461538461538462
11	119999191	A	G	155	161	324	0.496913580246914
11	120280115	A	G	60	57	117	0.487179487179487
11	124056787	G	A	14	12	26	0.461538461538462
11	124766128	A	G	92	89	181	0.49171270718232
11	124862514	A	G	86	83	169	0.49112426035503
11	125322254	C	G	83	82	165	0.496969696969697
11	126201403	T	C	95	91	186	0.489247311827957
11	126228403	G	C	9	8	17	0.470588235294118
11	126277216	C	T	11	10	21	0.476190476190476
11	128868239	T	C	76	72	149	0.483221476510067
11	130066261	C	A	62	60	122	0.491803278688525
11	130343149	G	A	6	5	11	0.454545454545455
11	132177633	A	C	12	12	25	0.48
12	520947	A	C	120	116	236	0.491525423728814
12	547683	T	C	8	7	15	0.466666666666667
12	1989018	T	C	12	12	24	0.5
12	2787006	C	T	10	10	20	0.5
12	2791132	A	G	69	67	137	0.489051094890511
12	3788222	G	A	110	108	218	0.495412844036697
12	4459032	G	A	87	83	170	0.488235294117647
12	4553383	A	G	9	9	18	0.5
12	4960023	C	A	63	62	125	0.496
12	6030302	T	C	7	5	12	0.416666666666667
12	6575044	G	T	10	9	19	0.473684210526316
12	6635274	G	A	79	79	158	0.5
12	7090193	A	G	17	16	33	0.484848484848485
12	7342636	T	A	91	84	175	0.48
12	7463241	A	T	97	94	191	0.492146596858639
12	8043688	G	C	85	83	168	0.494047619047619
12	8993993	T	C	76	78	156	0.5
12	9833524	C	G	74	68	142	0.47887323943662
12	10041364	G	A	94	92	187	0.491978609625668
12	10046052	C	A	85	83	168	0.494047619047619
12	10765500	C	T	72	69	141	0.48936170212766
12	11149720	A	G	12	11	23	0.478260869565217
12	11286088	A	C	127	125	254	0.492125984251969
12	12483713	A	G	72	68	140	0.485714285714286
12	15134353	A	G	10	9	19	0.473684210526316
12	15733669	G	A	10	8	18	0.444444444444444
12	15776095	C	T	7	6	13	0.461538461538462
12	21036411	A	G	93	89	182	0.489010989010989
12	21054918	T	C	11	11	22	0.5
12	21243001	C	T	115	110	226	0.486725663716814
12	21329738	A	G	78	72	150	0.48
12	21331599	T	C	55	53	108	0.490740740740741
12	21526651	G	A	91	83	175	0.474285714285714
12	22213786	C	T	75	72	147	0.489795918367347
12	22602796	A	G	86	82	168	0.488095238095238
12	27064232	C	T	81	80	161	0.496894409937888
12	27627805	G	A	51	49	101	0.485148514851485
12	29642573	A	C	54	51	105	0.485714285714286
12	29936626	C	A	75	73	148	0.493243243243243
12	32777362	G	A	62	61	123	0.495934959349593
12	39698641	G	C	81	78	159	0.490566037735849
12	40834376	C	G	12	10	22	0.454545454545455
12	41337435	C	T	88	87	175	0.497142857142857
12	48413950	A	C	23	20	43	0.465116279069767
12	49048738	G	T	13	13	26	0.5
12	49500398	G	A	103	98	201	0.487562189054726
12	50526814	G	A	7	7	15	0.466666666666667
12	50537815	A	G	61	61	122	0.5
12	51089734	T	A	61	61	122	0.5
12	51681903	T	C	51	48	99	0.484848484848485
12	51723499	T	C	80	80	163	0.49079754601227
12	52312944	T	C	10	10	20	0.5
12	52681056	C	T	134	117	252	0.464285714285714
12	52774305	A	G	84	83	167	0.497005988023952
12	52965782	T	C	82	80	162	0.493827160493827
12	52986187	T	C	74	72	148	0.486486486486487
12	53070145	G	A	132	123	256	0.48046875
12	53186122	G	A	10	10	20	0.5
12	57133140	T	G	83	81	164	0.49390243902439
12	57454720	C	G	8	6	14	0.428571428571429
12	57870420	C	G	9	8	17	0.470588235294118
12	58176614	T	C	102	95	197	0.482233502538071
12	63954304	T	C	111	110	224	0.491071428571429
12	64875787	T	A	7	5	12	0.416666666666667
12	65088670	G	A	6	5	11	0.454545454545455
12	65224174	A	G	73	75	150	0.5
12	68052178	G	T	75	71	146	0.486301369863014
12	69082805	G	A	72	72	144	0.5
12	69986788	A	G	83	79	162	0.487654320987654
12	70194051	G	A	81	82	165	0.496969696969697
12	71537951	C	T	87	81	168	0.482142857142857
12	72956782	C	T	8	8	16	0.5
12	76453966	G	A	68	63	131	0.480916030534351
12	78542699	T	C	82	80	162	0.493827160493827
12	80696475	A	G	80	73	153	0.477124183006536
12	80765800	A	G	77	73	150	0.486666666666667
12	80771813	G	A	8	8	16	0.5
12	85277592	C	T	8	8	16	0.5
12	93202801	C	T	80	77	157	0.490445859872611
12	95531442	T	C	59	54	113	0.47787610619469
12	96077312	C	T	85	80	165	0.484848484848485
12	96346594	T	C	70	68	138	0.492753623188406
12	96992494	C	T	75	67	142	0.471830985915493
12	97098549	T	C	124	124	248	0.5
12	97133737	T	G	82	76	158	0.481012658227848
12	97254620	G	A	86	82	168	0.488095238095238
12	100444984	G	A	88	86	174	0.494252873563218
12	102545563	A	G	87	84	171	0.491228070175439
12	103307583	A	G	67	68	136	0.5
12	103696182	T	G	77	72	149	0.483221476510067
12	106477663	G	A	46	46	92	0.5
12	106893930	A	T	73	73	150	0.486666666666667
12	110011230	C	T	8	7	15	0.466666666666667
12	112241766	G	A	12	11	23	0.478260869565217
12	113269597	T	C	74	71	145	0.489655172413793
12	120741382	G	A	122	116	238	0.487394957983193
12	120954549	T	C	93	87	180	0.483333333333333
12	122186268	C	T	83	80	163	0.49079754601227
12	122292678	G	A	87	86	174	0.494252873563218
12	122369762	C	T	80	77	157	0.490445859872611
12	122812503	G	C	79	71	150	0.473333333333333
12	123200768	T	G	92	87	180	0.483333333333333
12	131306314	C	G	96	92	188	0.48936170212766
12	131620588	A	G	80	77	157	0.490445859872611
12	132626427	C	T	83	82	166	0.493975903614458
12	132628281	C	T	120	122	245	0.497959183673469
12	133393323	C	T	7	7	14	0.5
13	25033200	T	A	80	76	156	0.487179487179487
13	25074490	C	T	128	128	256	0.5
13	25831888	T	C	95	91	186	0.489247311827957
13	26148966	C	T	8	7	15	0.466666666666667
13	28143229	A	G	12	10	22	0.454545454545455
13	30091714	G	A	9	7	16	0.4375
13	32360547	A	G	6	5	11	0.454545454545455
13	36229873	C	T	9	9	18	0.5
13	37583831	G	A	59	58	120	0.483333333333333
13	41929296	A	G	85	81	166	0.487951807228916
13	42772717	G	T	39	37	76	0.486842105263158
13	42793479	G	A	93	91	184	0.494565217391304
13	43788158	G	A	39	38	77	0.493506493506494
13	47354101	C	T	73	72	148	0.486486486486487
13	50134099	T	C	11	10	21	0.476190476190476
13	52515354	A	G	10	8	18	0.444444444444444
13	52523808	C	T	13	11	24	0.458333333333333
13	75866284	G	A	75	73	148	0.493243243243243
13	76423248	T	C	16	13	29	0.448275862068966
13	78188078	A	G	93	90	183	0.491803278688525
13	95264604	C	T	8	9	18	0.5
13	96242564	A	C	13	13	26	0.5
13	96638636	A	C	71	68	140	0.485714285714286
13	100637663	C	T	29	27	56	0.482142857142857
13	109518578	T	C	73	72	145	0.496551724137931
13	111098226	C	T	6	5	11	0.454545454545455
13	111870037	T	C	10	10	20	0.5
13	113681243	C	A	86	82	168	0.488095238095238
13	113749314	G	A	71	65	136	0.477941176470588
13	114526504	G	A	8	8	17	0.470588235294118
14	20897064	C	T	67	65	132	0.492424242424242
14	21215728	G	C	85	83	168	0.494047619047619
14	21790040	G	T	84	76	160	0.475
14	22409620	T	G	60	58	118	0.491525423728814
14	23306048	C	T	6	6	12	0.5
14	23549948	C	T	74	74	148	0.5
14	23848311	C	T	99	96	195	0.492307692307692
14	24424367	G	A	6	5	11	0.454545454545455
14	24614361	T	G	12	11	23	0.478260869565217
14	24615435	T	C	80	77	157	0.490445859872611
14	24760764	G	A	86	84	170	0.494117647058824
14	24769311	C	T	91	86	179	0.480446927374302
14	24970942	A	G	13	11	24	0.458333333333333
14	31099738	A	G	79	77	156	0.493589743589744
14	31381351	T	C	56	56	112	0.5
14	31583512	C	T	12	11	23	0.478260869565217
14	31619392	T	C	9	8	17	0.470588235294118
14	31647448	G	A	8	8	16	0.5
14	31926472	T	G	134	126	260	0.484615384615385
14	35735967	A	G	60	56	116	0.482758620689655
14	35761675	C	G	89	85	174	0.488505747126437
14	39517925	T	C	86	79	165	0.478787878787879
14	39644498	G	A	90	87	177	0.491525423728814
14	47528551	T	A	89	88	177	0.497175141242938
14	50298962	T	A	14	12	26	0.461538461538462
14	50616878	G	A	105	97	202	0.48019801980198
14	50778816	A	C	81	79	160	0.49375
14	50788213	C	T	87	84	171	0.491228070175439
14	51383432	G	A	85	81	166	0.487951807228916
14	53345378	G	A	97	93	190	0.489473684210526
14	53529669	A	T	7	6	13	0.461538461538462
14	55458040	A	G	23	22	45	0.488888888888889
14	55907172	C	G	19	18	37	0.486486486486487
14	60395087	A	G	13	13	27	0.481481481481481
14	60611585	T	C	84	81	165	0.490909090909091
14	60900113	C	T	82	76	158	0.481012658227848
14	64551688	C	T	114	113	227	0.497797356828194
14	64882380	A	G	53	50	103	0.485436893203884
14	65016702	T	G	79	74	153	0.483660130718954
14	65250974	G	A	10	9	19	0.473684210526316
14	65417070	C	A	75	77	154	0.5
14	67862178	C	T	40	38	78	0.487179487179487
14	68252669	G	C	90	84	174	0.482758620689655
14	69703158	A	G	24	23	47	0.48936170212766
14	69792086	A	G	76	73	149	0.48993288590604
14	70991650	A	C	10	10	21	0.476190476190476
14	71374702	G	A	81	82	164	0.5
14	73404752	G	C	67	63	130	0.484615384615385
14	73963383	T	C	5	5	10	0.5
14	74757019	C	T	94	92	186	0.494623655913978
14	74766360	T	C	41	45	90	0.5
14	75386576	G	A	11	11	22	0.5
14	76175565	C	A	105	98	203	0.482758620689655
14	77751925	C	T	99	100	202	0.495049504950495
14	77843353	G	T	8	7	15	0.466666666666667
14	78235834	G	A	13	11	24	0.458333333333333
14	81728194	C	A	117	117	235	0.497872340425532
14	81737076	A	C	7	7	14	0.5
14	88407888	A	G	85	85	170	0.5
14	88652389	C	T	94	92	186	0.494623655913978
14	88862529	G	A	9	9	18	0.5
14	88883100	A	G	80	77	157	0.490445859872611
14	89205265	T	C	133	133	266	0.5
14	90303445	T	C	137	134	272	0.492647058823529
14	90528797	G	A	7	7	14	0.5
14	91626666	C	T	83	81	165	0.490909090909091
14	91760522	C	T	87	86	173	0.497109826589595
14	92441066	C	T	83	78	161	0.484472049689441
14	92588002	T	G	11	10	21	0.476190476190476
14	93199080	C	T	71	69	140	0.492857142857143
14	93275714	G	A	7	7	14	0.5
14	93412743	G	A	89	85	174	0.488505747126437
14	93673655	G	A	91	87	178	0.48876404494382
14	94929541	G	A	87	82	169	0.485207100591716
14	96797724	G	A	8	7	15	0.466666666666667
14	103429420	T	C	24	22	46	0.478260869565217
14	103570354	G	T	19	18	37	0.486486486486487
14	103576443	T	C	10	9	19	0.473684210526316
14	104145971	T	C	98	96	195	0.492307692307692
14	104194196	C	G	7	7	14	0.5
14	104313117	T	A	40	41	81	0.506172839506173
14	105413790	G	A	81	80	161	0.496894409937888
14	105414790	A	G	85	81	166	0.487951807228916
14	105416087	C	T	84	80	165	0.484848484848485
14	105423809	G	A	7	6	13	0.461538461538462
14	105960242	T	C	73	72	145	0.496551724137931
14	105963700	C	T	12	12	24	0.5
14	106236143	G	A	133	132	265	0.49811320754717
14	106518565	C	T	125	126	253	0.49802371541502
14	106586231	C	T	83	80	163	0.49079754601227
14	106622052	C	T	84	79	163	0.484662576687117
14	106780667	T	G	74	75	151	0.496688741721854
14	106866828	A	G	100	98	203	0.482758620689655
14	107013129	A	C	73	66	139	0.474820143884892
15	22939192	G	A	8	7	15	0.466666666666667
15	23021238	C	T	81	76	157	0.484076433121019
15	25494474	C	T	119	116	235	0.493617021276596
15	25953198	C	T	89	84	173	0.485549132947977
15	28414665	T	C	98	94	192	0.489583333333333
15	29418574	T	C	18	15	33	0.454545454545455
15	29421054	C	T	7	6	13	0.461538461538462
15	33103225	T	C	9	10	20	0.5
15	34528948	G	A	92	89	181	0.49171270718232
15	35271844	C	G	135	132	267	0.49438202247191
15	38857631	C	G	7	6	13	0.461538461538462
15	39880358	C	T	8	7	15	0.466666666666667
15	40226495	T	C	76	74	150	0.493333333333333
15	40590134	G	A	100	95	195	0.487179487179487
15	40675493	C	T	92	85	177	0.480225988700565
15	40716408	C	A	92	90	183	0.491803278688525
15	40898643	G	C	91	89	181	0.49171270718232
15	40903684	A	G	81	78	159	0.490566037735849
15	41483682	A	G	11	11	22	0.5
15	41991315	A	T	8	7	15	0.466666666666667
15	42135988	C	T	6	6	12	0.5
15	42371752	A	T	13	10	23	0.434782608695652
15	42438380	G	A	25	24	49	0.489795918367347
15	42640302	T	A	75	73	148	0.493243243243243
15	42643529	T	C	13	13	27	0.481481481481481
15	43545728	G	A	7	7	14	0.5
15	44043793	C	G	64	61	125	0.488
15	44952635	T	C	48	46	94	0.48936170212766
15	48539587	T	C	82	81	164	0.49390243902439
15	50773787	A	G	61	57	118	0.483050847457627
15	51529112	T	C	107	107	215	0.497674418604651
15	51980575	T	G	88	83	171	0.485380116959064
15	58476281	A	G	7	6	13	0.461538461538462
15	59347929	C	A	10	9	19	0.473684210526316
15	59963488	A	G	88	82	170	0.482352941176471
15	62202482	C	T	59	56	115	0.48695652173913
15	63929323	T	C	105	101	206	0.490291262135922
15	66411441	C	T	10	9	19	0.473684210526316
15	67528374	T	G	83	80	163	0.49079754601227
15	68613787	A	G	14	14	29	0.482758620689655
15	70970463	T	C	87	80	167	0.479041916167665
15	73052840	T	C	11	11	22	0.5
15	75117912	G	T	12	11	23	0.478260869565217
15	75336729	A	G	8	6	14	0.428571428571429
15	77344793	T	A	9	8	17	0.470588235294118
15	78276660	A	G	115	120	239	0.502092050209205
15	78789488	C	T	91	87	178	0.48876404494382
15	80260014	T	C	9	8	17	0.470588235294118
15	80452172	G	C	81	74	155	0.47741935483871
15	80472561	C	T	92	87	179	0.486033519553073
15	80873642	C	G	83	81	164	0.49390243902439
15	83334245	C	T	58	56	114	0.491228070175439
15	85200520	G	T	5	5	10	0.5
15	89195526	A	G	11	11	22	0.5
15	89858602	T	C	20	18	38	0.473684210526316
15	90255284	A	G	89	84	173	0.485549132947977
15	90308110	A	G	55	50	105	0.476190476190476
15	90892412	C	T	126	122	248	0.491935483870968
15	91455321	C	T	10	9	19	0.473684210526316
15	91543761	C	T	77	70	147	0.476190476190476
15	91827438	G	A	9	7	16	0.4375
15	93536197	C	T	7	6	13	0.461538461538462
15	94884108	G	C	99	95	194	0.489690721649485
15	94899354	T	G	95	90	185	0.486486486486487
15	94945719	G	T	61	57	119	0.478991596638655
15	99511873	G	A	87	84	171	0.491228070175439
15	100246942	G	A	8	6	14	0.428571428571429
16	108585	T	C	70	69	139	0.496402877697842
16	324052	A	G	7	7	15	0.466666666666667
16	706534	G	A	109	103	214	0.481308411214953
16	720152	T	C	110	102	213	0.47887323943662
16	820944	T	A	87	84	174	0.482758620689655
16	929711	C	T	85	81	166	0.487951807228916
16	1250559	T	C	84	82	166	0.493975903614458
16	1479250	C	T	93	87	180	0.483333333333333
16	1823444	C	G	50	49	99	0.494949494949495
16	1894961	A	G	82	81	163	0.496932515337423
16	1962046	C	T	80	79	160	0.49375
16	2083358	A	G	12	12	24	0.5
16	3065596	T	C	7	6	13	0.461538461538462
16	3350611	T	A	93	88	181	0.486187845303867
16	4027536	G	A	90	89	179	0.497206703910615
16	4796393	A	G	10	9	19	0.473684210526316
16	4833970	C	T	89	86	175	0.491428571428571
16	5097947	A	G	10	10	20	0.5
16	11362729	G	A	9	8	17	0.470588235294118
16	11541896	G	A	66	64	130	0.492307692307692
16	11542894	C	T	11	11	22	0.5
16	12060163	A	G	86	83	169	0.49112426035503
16	12662420	C	T	83	77	160	0.48125
16	14742400	T	G	11	11	22	0.5
16	15170452	C	A	9	8	17	0.470588235294118
16	15839034	G	A	114	111	226	0.491150442477876
16	16228242	G	A	23	21	44	0.477272727272727
16	16278869	G	C	93	90	183	0.491803278688525
16	19067933	G	A	79	76	155	0.490322580645161
16	21190853	A	C	9	9	18	0.5
16	23521643	G	C	118	118	237	0.49789029535865
16	23536684	T	C	89	84	173	0.485549132947977
16	23563501	C	T	6	6	12	0.5
16	23847575	C	A	144	138	284	0.485915492957746
16	24583406	A	G	7	6	13	0.461538461538462
16	25239805	G	C	12	10	22	0.454545454545455
16	27238110	C	T	80	75	155	0.483870967741935
16	31121793	G	A	46	44	90	0.488888888888889
16	48134856	T	A	8	8	16	0.5
16	50059500	C	T	34	33	67	0.492537313432836
16	53481010	A	G	72	69	141	0.48936170212766
16	55527113	G	A	74	71	145	0.489655172413793
16	55562466	G	A	10	9	19	0.473684210526316
16	57095775	C	T	78	76	154	0.493506493506494
16	58575489	G	A	95	91	186	0.489247311827957
16	65022234	C	T	13	13	28	0.464285714285714
16	66812797	C	T	96	92	188	0.48936170212766
16	67214416	C	T	57	60	122	0.491803278688525
16	67266065	T	C	79	78	157	0.496815286624204
16	67381383	G	C	71	69	140	0.492857142857143
16	67997920	T	C	86	82	168	0.488095238095238
16	68088485	A	G	28	27	55	0.490909090909091
16	68389772	C	T	11	10	21	0.476190476190476
16	72042682	A	C	87	84	171	0.491228070175439
16	72162966	G	T	13	11	24	0.458333333333333
16	72831652	G	A	12	11	23	0.478260869565217
16	75498148	T	C	131	130	262	0.49618320610687
16	75661803	G	C	102	102	204	0.5
16	75794738	T	C	112	109	221	0.493212669683258
16	77359919	A	T	88	86	174	0.494252873563218
16	81010073	C	T	110	106	217	0.488479262672811
16	81050965	A	T	122	116	239	0.485355648535565
16	81061827	G	A	88	79	167	0.473053892215569
16	81142257	T	C	29	25	54	0.462962962962963
16	81181097	G	T	13	13	26	0.5
16	81208265	G	A	51	47	98	0.479591836734694
16	81929488	C	T	87	82	169	0.485207100591716
16	81941319	C	T	6	7	13	0.538461538461538
16	83982712	G	C	7	7	14	0.5
16	84012104	T	C	71	71	142	0.5
16	84516309	G	A	83	82	165	0.496969696969697
16	84796603	A	G	53	50	103	0.485436893203884
16	84883102	C	T	89	87	178	0.48876404494382
16	84922859	C	T	85	80	165	0.484848484848485
16	87788864	G	A	8	8	16	0.5
16	88552370	A	G	99	96	196	0.489795918367347
16	88779753	C	T	91	88	179	0.491620111731844
16	88782079	G	A	15	14	29	0.482758620689655
16	89246670	T	C	87	82	169	0.485207100591716
16	89350038	G	A	9	8	17	0.470588235294118
16	89627671	C	T	9	7	16	0.4375
16	89662319	C	T	93	92	185	0.497297297297297
16	89713563	C	G	111	112	224	0.5
16	89805914	T	C	86	84	171	0.491228070175439
16	89849480	C	T	9	9	18	0.5
16	89940232	A	C	102	98	200	0.49
16	90023901	C	T	106	105	212	0.495283018867925
17	617869	G	A	8	8	16	0.5
17	663428	G	A	70	71	143	0.496503496503497
17	813132	A	G	109	103	214	0.481308411214953
17	2186100	C	T	53	51	104	0.490384615384615
17	2275544	C	T	126	123	251	0.49003984063745
17	2929674	T	C	11	11	22	0.5
17	3119008	T	C	80	77	158	0.487341772151899
17	3343534	C	T	92	92	185	0.497297297297297
17	3553526	A	G	127	125	253	0.494071146245059
17	3828702	T	C	84	78	162	0.481481481481481
17	3832733	C	T	8	8	16	0.5
17	3833708	G	A	82	80	162	0.493827160493827
17	3846802	A	G	81	76	157	0.484076433121019
17	4088291	C	T	8	8	16	0.5
17	4446457	G	A	85	82	167	0.491017964071856
17	4495740	G	A	78	77	156	0.493589743589744
17	4718776	G	A	77	75	152	0.493421052631579
17	5289580	A	G	78	75	153	0.490196078431373
17	5294976	T	A	93	91	184	0.494565217391304
17	5418799	G	A	80	76	156	0.487179487179487
17	6441376	G	A	85	80	165	0.484848484848485
17	7004927	C	T	77	76	153	0.496732026143791
17	7217463	T	C	13	13	26	0.5
17	7286326	T	A	9	9	18	0.5
17	7490810	G	A	11	10	21	0.476190476190476
17	7530271	C	T	78	72	150	0.48
17	7680159	G	A	95	92	187	0.491978609625668
17	7681412	C	G	80	78	158	0.493670886075949
17	7760704	A	G	55	54	110	0.490909090909091
17	7948175	C	T	10	10	20	0.5
17	8000049	G	A	13	13	26	0.5
17	8133247	A	G	86	84	170	0.494117647058824
17	9515777	G	A	87	85	172	0.494186046511628
17	9725093	C	T	10	8	18	0.444444444444444
17	10355371	C	T	121	116	238	0.487394957983193
17	10543463	T	C	5	5	10	0.5
17	11550421	G	A	84	79	163	0.484662576687117
17	14005439	G	A	110	106	216	0.490740740740741
17	15611495	T	C	69	63	132	0.477272727272727
17	15638362	C	T	23	11	34	0.323529411764706
17	15903602	C	A	8	8	16	0.5
17	17046024	C	A	62	60	122	0.491803278688525
17	17919397	C	T	77	78	157	0.496815286624204
17	19713740	C	T	80	80	162	0.493827160493827
17	21030236	C	T	82	78	160	0.4875
17	21730703	G	A	91	87	178	0.48876404494382
17	25958304	G	A	53	50	103	0.485436893203884
17	26089867	T	C	38	37	75	0.493333333333333
17	26857788	T	C	89	86	176	0.488636363636364
17	27835138	C	T	8	7	15	0.466666666666667
17	28268817	G	A	91	86	179	0.480446927374302
17	29553485	G	A	110	97	207	0.468599033816425
17	30625205	G	A	60	57	117	0.487179487179487
17	32583269	T	C	98	99	199	0.49748743718593
17	32904586	C	T	77	74	151	0.490066225165563
17	32957114	G	A	82	78	160	0.4875
17	33491174	G	A	87	84	171	0.491228070175439
17	34189988	C	G	33	29	62	0.467741935483871
17	35743010	C	G	84	83	167	0.497005988023952
17	36926731	T	G	84	81	165	0.490909090909091
17	37313176	A	G	82	76	158	0.481012658227848
17	37342289	C	T	86	85	171	0.497076023391813
17	38033048	C	G	80	79	159	0.49685534591195
17	38122117	G	A	7	7	14	0.5
17	38173143	G	A	9	9	18	0.5
17	38547868	C	T	86	81	168	0.482142857142857
17	38640755	C	A	8	7	15	0.466666666666667
17	38855772	T	C	7	6	13	0.461538461538462
17	38955961	G	A	8	8	16	0.5
17	39119942	G	A	52	47	99	0.474747474747475
17	39502398	A	G	109	108	217	0.497695852534562
17	39580562	T	C	21	20	41	0.48780487804878
17	39634625	A	G	62	60	122	0.491803278688525
17	39643340	T	G	11	12	25	0.48
17	39674641	T	C	7	6	13	0.461538461538462
17	39874267	T	A	7	7	14	0.5
17	39884583	G	A	97	93	190	0.489473684210526
17	39983820	G	A	6	6	12	0.5
17	39987130	T	C	89	85	174	0.488505747126437
17	41332804	T	C	104	100	205	0.48780487804878
17	44067382	T	C	6	5	11	0.454545454545455
17	44828931	G	A	96	91	187	0.486631016042781
17	46048592	A	G	88	84	172	0.488372093023256
17	46053353	C	A	59	56	115	0.48695652173913
17	46929908	T	C	87	83	170	0.488235294117647
17	53038654	A	C	6	6	12	0.5
17	53900177	T	C	77	75	153	0.490196078431373
17	54534634	G	A	28	28	56	0.5
17	54978794	G	A	13	12	25	0.48
17	56585872	G	C	18	17	35	0.485714285714286
17	57287454	A	G	14	14	28	0.5
17	60769803	A	G	83	79	163	0.484662576687117
17	61584627	T	C	120	116	236	0.491525423728814
17	61987405	A	T	56	56	112	0.5
17	61988014	G	A	9	9	18	0.5
17	62018164	A	C	7	5	12	0.416666666666667
17	62126506	C	T	98	93	191	0.486910994764398
17	64025331	A	G	15	14	29	0.482758620689655
17	64685078	G	A	45	42	87	0.482758620689655
17	65718742	A	C	63	63	126	0.5
17	67109493	A	G	63	57	120	0.475
17	67290840	T	C	72	68	142	0.47887323943662
17	71233130	A	G	45	43	88	0.488636363636364
17	72245128	C	T	9	8	17	0.470588235294118
17	72295966	C	T	12	11	23	0.478260869565217
17	72306291	G	A	20	20	40	0.5
17	72350362	G	A	117	122	242	0.504132231404959
17	73035107	A	G	63	60	123	0.48780487804878
17	73552185	G	A	7	8	16	0.5
17	73827205	T	C	9	9	18	0.5
17	74097331	G	A	100	100	200	0.5
17	74286106	C	T	110	104	215	0.483720930232558
17	74300497	G	A	61	59	120	0.491666666666667
17	74524651	T	G	5	5	10	0.5
17	74942478	C	T	86	80	167	0.479041916167665
17	76219591	G	A	115	116	231	0.502164502164502
17	76491998	G	A	87	81	168	0.482142857142857
17	76817090	C	T	50	50	101	0.495049504950495
17	77076302	G	A	15	14	29	0.482758620689655
17	78032677	C	T	83	81	164	0.49390243902439
17	78039947	C	T	97	94	192	0.489583333333333
17	78157995	G	A	87	82	169	0.485207100591716
17	78166385	C	T	6	5	11	0.454545454545455
17	78354661	C	T	10	10	20	0.5
17	78444679	T	C	5	5	10	0.5
17	78445702	A	G	118	120	240	0.5
17	78854223	A	G	49	48	99	0.484848484848485
17	79268733	T	C	86	84	170	0.494117647058824
17	79386952	A	G	87	86	173	0.497109826589595
17	79424488	A	G	102	102	205	0.497560975609756
17	79511135	A	G	62	58	120	0.483333333333333
17	79539073	C	A	108	104	213	0.488262910798122
17	79639724	C	T	110	106	217	0.488479262672811
17	80899281	G	A	85	80	165	0.484848484848485
18	691266	A	G	11	9	20	0.45
18	2656248	G	C	30	30	60	0.5
18	2705700	A	G	16	15	31	0.483870967741935
18	3126888	T	C	89	88	177	0.497175141242938
18	3452262	C	T	47	44	91	0.483516483516484
18	6986259	G	A	80	78	158	0.493670886075949
18	7034508	T	G	10	8	18	0.444444444444444
18	9517221	G	A	108	100	208	0.480769230769231
18	9562042	C	T	86	86	173	0.497109826589595
18	13001512	G	C	81	75	156	0.480769230769231
18	14106039	T	C	9	9	18	0.5
18	14752957	G	A	121	118	239	0.493723849372385
18	14763987	G	A	8	8	16	0.5
18	19995753	T	C	6	6	12	0.5
18	20513374	C	T	8	7	15	0.466666666666667
18	21891975	A	G	76	76	154	0.493506493506494
18	28968959	C	T	8	6	14	0.428571428571429
18	29432624	T	C	53	52	105	0.495238095238095
18	29797921	C	T	7	6	13	0.461538461538462
18	33754507	A	G	90	88	179	0.491620111731844
18	33767568	C	A	20	20	40	0.5
18	34320630	G	A	8	7	15	0.466666666666667
18	43246156	G	A	17	17	34	0.5
18	43497710	A	G	86	80	166	0.481927710843373
18	44561619	G	C	31	31	62	0.5
18	44585955	G	A	79	76	155	0.490322580645161
18	44610718	T	C	92	88	180	0.488888888888889
18	46447817	G	C	11	9	20	0.45
18	47398549	G	A	81	78	159	0.490566037735849
18	47455923	C	T	12	11	23	0.478260869565217
18	48331524	G	A	6	6	12	0.5
18	48458662	G	A	6	6	12	0.5
18	52258548	T	C	75	70	145	0.482758620689655
18	53070914	G	A	8	7	15	0.466666666666667
18	55269713	G	A	10	10	20	0.5
18	56202768	C	A	78	77	155	0.496774193548387
18	56587802	A	C	70	68	138	0.492753623188406
18	59770033	C	T	99	98	197	0.49746192893401
18	60027241	C	T	11	10	21	0.476190476190476
18	61254561	C	T	8	8	16	0.5
18	67871343	A	C	11	10	21	0.476190476190476
18	70209177	C	T	77	73	150	0.486666666666667
18	74273830	T	C	113	112	225	0.497777777777778
18	74691951	T	C	87	83	170	0.488235294117647
18	74700958	G	A	37	35	72	0.486111111111111
18	77208922	C	T	6	6	12	0.5
19	496532	G	A	91	89	182	0.489010989010989
19	579627	C	T	37	36	73	0.493150684931507
19	580710	G	A	133	132	265	0.49811320754717
19	641215	T	C	108	104	212	0.490566037735849
19	829568	C	T	10	10	20	0.5
19	920642	T	A	58	56	114	0.491228070175439
19	991968	T	C	7	6	13	0.461538461538462
19	1093976	C	T	38	37	75	0.493333333333333
19	1848243	A	G	90	85	175	0.485714285714286
19	1997363	A	G	74	71	145	0.489655172413793
19	2767192	G	T	90	88	178	0.49438202247191
19	3198817	G	A	85	77	162	0.475308641975309
19	3750622	A	C	59	58	117	0.495726495726496
19	3982324	G	A	89	86	175	0.491428571428571
19	4333711	C	T	92	87	179	0.486033519553073
19	4352959	A	G	90	85	175	0.485714285714286
19	4454083	C	T	15	15	30	0.5
19	4457650	C	T	125	122	247	0.493927125506073
19	5041178	T	C	84	83	169	0.49112426035503
19	5827765	G	A	101	100	201	0.497512437810945
19	5867748	G	T	62	59	121	0.487603305785124
19	6187657	C	T	119	113	232	0.487068965517241
19	6496168	G	A	99	98	198	0.494949494949495
19	6718387	G	C	86	87	175	0.497142857142857
19	6731057	T	C	92	92	185	0.497297297297297
19	6737481	T	C	6	6	12	0.5
19	6904137	C	T	118	109	228	0.478070175438596
19	6935033	C	A	56	54	110	0.490909090909091
19	7524846	C	T	42	40	82	0.48780487804878
19	7571030	T	A	6	6	12	0.5
19	7573098	T	A	78	75	153	0.490196078431373
19	7605566	C	T	82	77	159	0.484276729559748
19	8151169	G	A	13	10	23	0.434782608695652
19	8183871	G	A	9	9	18	0.5
19	8376431	G	A	13	12	25	0.48
19	8993018	G	A	55	52	107	0.485981308411215
19	9001835	G	A	83	81	164	0.49390243902439
19	9492141	C	T	61	60	121	0.495867768595041
19	10080281	A	G	89	88	177	0.497175141242938
19	10502285	C	T	62	60	122	0.491803278688525
19	10670992	C	T	92	85	177	0.480225988700565
19	10692000	T	C	88	85	173	0.491329479768786
19	11230881	T	C	74	70	144	0.486111111111111
19	11358799	G	A	66	59	125	0.472
19	11685948	A	G	80	76	156	0.487179487179487
19	12058336	A	G	85	82	167	0.491017964071856
19	12576049	G	A	7	6	13	0.461538461538462
19	12707978	G	A	96	93	189	0.492063492063492
19	12812169	A	G	75	72	147	0.489795918367347
19	13892285	G	T	128	126	254	0.496062992125984
19	14676578	C	T	90	89	179	0.497206703910615
19	14769339	C	G	80	76	156	0.487179487179487
19	14817548	T	A	22	21	43	0.488372093023256
19	14910573	C	T	16	15	31	0.483870967741935
19	15235932	G	A	6	5	11	0.454545454545455
19	16045141	T	C	19	18	37	0.486486486486487
19	16640544	C	T	11	11	22	0.5
19	17008578	G	C	7	7	14	0.5
19	17163661	C	T	71	65	136	0.477941176470588
19	17273893	G	T	7	7	14	0.5
19	17361064	C	T	98	94	192	0.489583333333333
19	17397244	C	T	18	15	33	0.454545454545455
19	17544244	C	T	9	8	17	0.470588235294118
19	17628587	A	G	75	70	145	0.482758620689655
19	18112361	C	T	86	85	171	0.497076023391813
19	18180451	A	G	6	6	12	0.5
19	18234441	C	T	108	100	208	0.480769230769231
19	18257750	C	T	81	78	159	0.490566037735849
19	18943156	G	A	27	26	53	0.490566037735849
19	19148426	C	T	53	50	103	0.485436893203884
19	19449686	G	T	92	91	186	0.489247311827957
19	19910250	T	C	124	122	247	0.493927125506073
19	20828522	A	G	55	53	108	0.490740740740741
19	21326358	A	G	10	8	18	0.444444444444444
19	21558160	T	C	120	111	231	0.480519480519481
19	23328940	G	A	83	79	162	0.487654320987654
19	33353061	G	T	84	81	165	0.490909090909091
19	33579128	T	C	111	108	219	0.493150684931507
19	33605300	A	G	11	11	22	0.5
19	33647379	T	C	82	80	162	0.493827160493827
19	35660508	G	A	16	14	30	0.466666666666667
19	36048741	G	T	9	9	18	0.5
19	36273534	G	A	8	7	15	0.466666666666667
19	36340467	T	C	93	86	179	0.480446927374302
19	36363470	G	A	17	17	34	0.5
19	37239278	C	A	24	22	46	0.478260869565217
19	37383894	T	G	85	84	173	0.485549132947977
19	37488299	A	G	67	65	132	0.492424242424242
19	37488499	T	C	11	9	20	0.45
19	38382328	C	T	7	6	13	0.461538461538462
19	38817876	G	A	66	64	130	0.492307692307692
19	38935280	A	G	62	61	124	0.491935483870968
19	38964109	T	C	100	96	196	0.489795918367347
19	39224413	A	G	77	75	152	0.493421052631579
19	40148584	T	C	104	104	209	0.497607655502392
19	40580426	A	G	89	89	179	0.497206703910615
19	41869392	T	C	14	14	28	0.5
19	43922061	A	G	89	83	172	0.482558139534884
19	44351694	C	T	109	110	219	0.502283105022831
19	44351836	G	A	9	8	17	0.470588235294118
19	44932521	C	T	81	75	156	0.480769230769231
19	45161070	G	A	22	22	44	0.5
19	45395714	T	C	106	100	206	0.485436893203884
19	45454236	G	A	43	39	82	0.475609756097561
19	45655333	T	C	47	46	93	0.494623655913978
19	45810035	A	G	85	78	163	0.478527607361963
19	47204207	C	T	6	5	11	0.454545454545455
19	48602948	T	C	9	8	17	0.470588235294118
19	48737764	A	G	10	10	20	0.5
19	48806977	G	A	87	83	170	0.488235294117647
19	48946325	T	C	111	110	222	0.495495495495495
19	49244219	C	A	93	90	183	0.491803278688525
19	49339098	T	C	95	96	191	0.50261780104712
19	49375676	T	C	78	73	151	0.483443708609272
19	49631698	G	A	9	9	18	0.5
19	49899076	G	A	6	7	13	0.538461538461538
19	50285809	C	T	115	110	225	0.488888888888889
19	50358133	T	G	10	10	20	0.5
19	50404939	T	G	87	81	168	0.482142857142857
19	50453317	C	T	41	41	82	0.5
19	50726570	G	A	8	6	14	0.428571428571429
19	50916772	T	C	86	84	170	0.494117647058824
19	50979495	G	A	12	11	23	0.478260869565217
19	51301687	C	T	91	87	178	0.48876404494382
19	51359503	A	G	59	54	113	0.47787610619469
19	51871195	G	A	81	77	160	0.48125
19	52001485	G	A	115	110	225	0.488888888888889
19	52092821	C	G	116	112	229	0.489082969432314
19	52223180	A	G	150	138	288	0.479166666666667
19	53344426	T	C	84	77	161	0.478260869565217
19	53579195	T	C	100	98	200	0.49
19	53645291	T	C	11	10	21	0.476190476190476
19	53993670	G	A	82	80	162	0.493827160493827
19	54307322	G	A	10	9	19	0.473684210526316
19	54632673	A	G	13	12	25	0.48
19	54754820	T	G	56	53	109	0.486238532110092
19	54803504	A	C	32	34	69	0.492753623188406
19	54849942	G	A	104	100	205	0.48780487804878
19	54966557	G	C	8	7	15	0.466666666666667
19	55143982	T	C	94	90	184	0.489130434782609
19	55175740	C	T	58	56	115	0.48695652173913
19	55179364	A	G	89	85	174	0.488505747126437
19	55247306	A	G	61	56	117	0.478632478632479
19	55350911	C	A	81	75	156	0.480769230769231
19	55441902	T	C	6	6	12	0.5
19	55715342	C	T	68	66	134	0.492537313432836
19	56172528	G	T	6	5	11	0.454545454545455
19	56569629	C	G	41	40	81	0.493827160493827
19	56701778	A	G	7	6	13	0.461538461538462
19	56703289	T	C	15	15	30	0.5
19	56718608	G	A	93	90	183	0.491803278688525
19	56756657	C	G	87	84	172	0.488372093023256
19	57050515	C	G	48	44	92	0.478260869565217
19	57705281	C	T	32	30	62	0.483870967741935
19	58572979	G	A	75	75	150	0.5
19	58988733	C	T	7	7	14	0.5
19	59067623	C	T	14	14	28	0.5
2	676177	C	G	36	33	69	0.478260869565217
2	1418192	C	G	16	14	30	0.466666666666667
2	1946914	A	G	13	12	25	0.48
2	3597974	T	C	121	116	237	0.489451476793249
2	9588338	T	C	82	80	162	0.493827160493827
2	10126330	G	A	59	55	114	0.482456140350877
2	10580967	G	A	71	67	138	0.485507246376812
2	10912719	G	A	72	72	144	0.5
2	10959461	G	T	134	126	260	0.484615384615385
2	11702661	A	C	7	7	14	0.5
2	11738091	T	C	79	77	156	0.493589743589744
2	11758491	C	T	88	84	172	0.488372093023256
2	18768850	A	G	8	8	16	0.5
2	24524958	C	T	13	12	25	0.48
2	26607992	T	C	97	88	185	0.475675675675676
2	26667130	A	G	89	88	177	0.497175141242938
2	27315252	G	A	14	14	28	0.5
2	27593448	T	C	8	8	16	0.5
2	27666357	A	G	105	105	212	0.495283018867925
2	27804432	T	C	7	6	13	0.461538461538462
2	29135468	C	G	89	85	174	0.488505747126437
2	30381505	T	C	35	39	76	0.513157894736842
2	31606670	G	A	89	87	176	0.494318181818182
2	32402636	C	T	60	59	119	0.495798319327731
2	36737128	G	A	9	9	18	0.5
2	37036076	C	T	83	81	164	0.49390243902439
2	37505105	T	G	88	85	173	0.491329479768786
2	42515388	A	G	93	89	182	0.489010989010989
2	43452183	A	G	7	7	14	0.5
2	43819139	A	G	83	81	164	0.49390243902439
2	43931176	T	C	97	98	198	0.494949494949495
2	44201376	T	C	78	80	161	0.496894409937888
2	46803354	C	T	121	123	244	0.504098360655738
2	48713777	C	T	77	75	153	0.490196078431373
2	55762957	C	T	55	54	109	0.495412844036697
2	58316814	A	G	36	36	72	0.5
2	62733253	C	T	13	11	24	0.458333333333333
2	64327544	G	T	81	74	155	0.47741935483871
2	68546374	T	C	10	10	20	0.5
2	68753240	T	A	84	80	164	0.48780487804878
2	69362161	C	T	85	84	169	0.497041420118343
2	71209176	T	C	119	117	237	0.493670886075949
2	71658541	C	T	58	61	122	0.5
2	73339708	G	A	9	7	16	0.4375
2	74458366	T	C	78	71	149	0.476510067114094
2	74690039	G	A	72	69	141	0.48936170212766
2	74710491	C	T	81	73	154	0.474025974025974
2	75185856	G	T	81	78	159	0.490566037735849
2	75915035	C	T	82	79	162	0.487654320987654
2	84756049	G	A	7	6	13	0.461538461538462
2	85133216	G	A	79	76	156	0.487179487179487
2	85625222	T	G	72	68	142	0.47887323943662
2	85808737	A	G	83	79	162	0.487654320987654
2	86317037	G	C	16	14	30	0.466666666666667
2	86371883	T	C	84	81	165	0.490909090909091
2	86400824	G	A	77	73	150	0.486666666666667
2	86979093	G	A	61	58	119	0.487394957983193
2	88424066	T	C	78	82	165	0.496969696969697
2	88474778	G	T	18	17	35	0.485714285714286
2	89246951	C	T	123	120	244	0.491803278688525
2	97849219	T	C	112	104	217	0.47926267281106
2	98844674	C	G	71	67	138	0.485507246376812
2	99149946	G	A	98	95	193	0.492227979274611
2	101627925	C	T	13	13	26	0.5
2	101656726	T	C	8	7	15	0.466666666666667
2	102038849	T	A	43	41	84	0.488095238095238
2	103334969	G	A	72	75	151	0.496688741721854
2	103431404	T	C	6	5	11	0.454545454545455
2	107084739	A	G	46	49	98	0.5
2	107423188	G	A	88	86	174	0.494252873563218
2	107423395	T	G	37	35	72	0.486111111111111
2	108877062	T	A	76	74	150	0.493333333333333
2	109106381	A	G	54	47	101	0.465346534653465
2	109400267	C	T	6	5	11	0.454545454545455
2	111907691	T	C	79	81	164	0.49390243902439
2	112625575	T	C	59	56	115	0.48695652173913
2	112755001	A	G	5	5	11	0.454545454545455
2	113308516	T	A	83	82	166	0.493975903614458
2	114220055	T	C	104	100	204	0.490196078431373
2	120005631	G	A	6	5	11	0.454545454545455
2	120060082	T	C	85	77	162	0.475308641975309
2	120383296	G	A	46	43	89	0.48314606741573
2	128176040	A	T	64	60	124	0.483870967741935
2	128249590	G	T	11	11	22	0.5
2	128878014	G	A	75	79	158	0.5
2	131674812	G	A	7	7	14	0.5
2	135206340	C	A	12	12	24	0.5
2	135694419	G	A	80	74	154	0.480519480519481
2	135911422	T	C	5	5	10	0.5
2	138417313	A	G	11	11	22	0.5
2	143798189	A	G	8	7	15	0.466666666666667
2	152314385	G	A	25	23	48	0.479166666666667
2	152346979	T	C	103	98	202	0.485148514851485
2	152490219	A	G	61	58	119	0.487394957983193
2	152521096	C	T	81	78	159	0.490566037735849
2	160105007	A	G	75	72	148	0.486486486486487
2	160132089	T	G	91	89	180	0.494444444444444
2	160639970	T	C	93	91	184	0.494565217391304
2	160737621	C	T	11	10	21	0.476190476190476
2	166770120	A	G	70	68	138	0.492753623188406
2	166788336	T	C	32	30	62	0.483870967741935
2	167145142	A	G	92	85	177	0.480225988700565
2	168108357	A	G	93	87	180	0.483333333333333
2	169681151	C	T	114	112	226	0.495575221238938
2	170873381	A	G	99	94	193	0.487046632124352
2	171678625	T	C	53	51	105	0.485714285714286
2	172216969	T	C	6	5	11	0.454545454545455
2	172725301	A	G	84	81	165	0.490909090909091
2	175263063	G	A	82	81	164	0.49390243902439
2	179558366	T	C	72	71	144	0.493055555555556
2	179623758	C	T	74	69	143	0.482517482517482
2	179914640	G	A	86	93	186	0.5
2	182374534	A	G	6	5	11	0.454545454545455
2	182981968	A	G	8	7	15	0.466666666666667
2	183799558	G	C	71	68	139	0.489208633093525
2	186625770	A	G	93	88	181	0.486187845303867
2	187558960	G	A	115	112	229	0.489082969432314
2	189904233	T	G	88	85	173	0.491329479768786
2	192701393	A	G	71	69	140	0.492857142857143
2	196837001	T	C	71	67	138	0.485507246376812
2	196851911	G	A	83	78	161	0.484472049689441
2	197004439	A	G	91	88	179	0.491620111731844
2	197021372	T	A	61	63	128	0.4921875
2	197539008	G	A	84	80	164	0.48780487804878
2	201541621	C	T	81	78	159	0.490566037735849
2	204116690	C	T	79	74	153	0.483660130718954
2	204154552	C	T	72	71	143	0.496503496503497
2	204322298	T	C	107	101	209	0.483253588516746
2	205912403	T	C	109	106	216	0.490740740740741
2	206592695	T	C	80	79	161	0.490683229813665
2	207006676	T	C	92	85	177	0.480225988700565
2	209190528	C	G	73	69	142	0.485915492957746
2	210905121	C	T	81	77	158	0.487341772151899
2	219146803	G	A	6	6	12	0.5
2	220164886	A	C	12	9	21	0.428571428571429
2	220285309	C	T	93	92	185	0.497297297297297
2	220356520	G	T	84	77	161	0.478260869565217
2	220361102	A	T	7	7	14	0.5
2	220402680	T	C	92	91	183	0.497267759562842
2	223436607	C	T	70	66	136	0.485294117647059
2	223536541	G	A	27	25	52	0.480769230769231
2	234183368	A	G	85	87	175	0.497142857142857
2	234704318	A	G	12	10	22	0.454545454545455
2	234708922	T	C	80	75	155	0.483870967741935
2	234761225	C	T	66	62	128	0.484375
2	234854547	A	T	8	8	16	0.5
2	234967539	T	A	8	7	15	0.466666666666667
2	236691982	A	G	85	79	164	0.481707317073171
2	236761396	C	T	68	67	135	0.496296296296296
2	238449023	T	C	92	92	184	0.5
2	238668802	A	G	41	40	81	0.493827160493827
2	238896627	T	C	79	76	155	0.490322580645161
2	239133980	C	T	44	41	85	0.482352941176471
2	239155053	C	T	82	77	159	0.484276729559748
2	239237953	G	T	9	8	17	0.470588235294118
2	240923050	C	T	115	114	230	0.495652173913044
2	240946766	T	C	46	43	89	0.48314606741573
2	240981375	T	A	91	85	176	0.482954545454545
2	241872202	C	T	25	24	50	0.48
2	241904001	G	C	6	5	11	0.454545454545455
2	242688292	C	T	94	102	198	0.515151515151515
2	242716380	A	T	67	66	133	0.496240601503759
20	256727	T	A	34	31	65	0.476923076923077
20	741847	A	G	16	16	32	0.5
20	1552457	G	A	110	106	216	0.490740740740741
20	1600524	T	C	6	7	13	0.538461538461538
20	1610939	G	A	76	73	149	0.48993288590604
20	2082767	G	A	6	5	11	0.454545454545455
20	2552884	A	G	70	68	139	0.489208633093525
20	3204084	G	A	9	9	18	0.5
20	3218634	G	C	79	75	154	0.487012987012987
20	3275239	G	A	77	75	152	0.493421052631579
20	3451908	C	T	95	94	191	0.492146596858639
20	3624830	G	A	74	70	146	0.479452054794521
20	3759439	C	T	9	9	18	0.5
20	7920986	C	T	93	86	179	0.480446927374302
20	8755243	T	C	73	68	141	0.482269503546099
20	8770822	C	T	73	70	145	0.482758620689655
20	9288522	G	A	65	62	127	0.488188976377953
20	16493533	T	C	63	62	125	0.496
20	18445963	A	G	121	118	239	0.493723849372385
20	18523002	C	G	16	15	31	0.483870967741935
20	18523038	C	T	7	7	14	0.5
20	19867406	C	A	68	66	134	0.492537313432836
20	20208984	G	A	93	87	181	0.480662983425414
20	23424613	T	C	9	9	18	0.5
20	24994614	C	T	56	54	110	0.490909090909091
20	25059546	T	C	9	8	17	0.470588235294118
20	25282944	A	G	90	86	176	0.488636363636364
20	25434139	C	T	73	71	144	0.493055555555556
20	30382315	A	G	96	93	189	0.492063492063492
20	31386449	T	C	18	16	34	0.470588235294118
20	31505292	C	T	80	79	159	0.49685534591195
20	31671663	T	C	99	96	195	0.492307692307692
20	31889150	G	C	12	10	22	0.454545454545455
20	33104592	G	C	93	90	183	0.491803278688525
20	33508826	A	G	63	59	122	0.483606557377049
20	33706509	G	A	9	8	17	0.470588235294118
20	35152722	G	A	6	6	12	0.5
20	35769647	G	T	6	5	11	0.454545454545455
20	36668874	G	A	105	100	205	0.48780487804878
20	36974883	C	T	7	6	13	0.461538461538462
20	37214081	T	C	51	49	100	0.49
20	37257590	C	G	96	90	186	0.483870967741935
20	39797465	T	C	27	26	54	0.481481481481481
20	39802814	G	T	71	69	140	0.492857142857143
20	44174423	G	A	9	8	17	0.470588235294118
20	44416592	G	A	63	61	124	0.491935483870968
20	44640225	A	G	115	113	228	0.495614035087719
20	47269233	C	G	6	5	11	0.454545454545455
20	48491258	T	G	81	77	158	0.487341772151899
20	50287790	A	G	11	12	23	0.521739130434783
20	50769549	A	G	86	79	165	0.478787878787879
20	52573971	T	G	57	55	113	0.486725663716814
20	52675188	G	T	15	15	30	0.5
20	54941140	C	T	10	9	19	0.473684210526316
20	55111371	G	A	86	81	167	0.48502994011976
20	56098733	T	C	63	63	127	0.496062992125984
20	57276073	A	C	95	89	184	0.483695652173913
20	58442868	G	A	82	78	160	0.4875
20	60897487	C	T	8	7	15	0.466666666666667
20	60963037	T	C	84	79	163	0.484662576687117
20	60991229	C	T	91	88	179	0.491620111731844
20	61907982	C	T	12	11	23	0.478260869565217
20	62227081	A	G	18	17	35	0.485714285714286
20	62322288	T	C	142	138	281	0.491103202846975
20	62577613	T	C	87	84	172	0.488372093023256
21	19670118	G	A	86	83	169	0.49112426035503
21	19756040	C	G	95	93	189	0.492063492063492
21	26969703	T	C	6	5	11	0.454545454545455
21	31661691	A	G	83	76	159	0.477987421383648
21	31869286	T	C	67	62	129	0.48062015503876
21	32090908	C	T	107	109	218	0.5
21	32410619	A	G	112	110	222	0.495495495495495
21	33694224	C	G	6	6	12	0.5
21	33964605	T	C	94	87	181	0.480662983425414
21	34399401	A	G	9	9	18	0.5
21	37507745	C	T	110	115	227	0.506607929515419
21	37510224	C	T	77	74	151	0.490066225165563
21	38525356	T	C	7	7	15	0.466666666666667
21	38525603	A	G	77	75	152	0.493421052631579
21	40572304	C	T	25	25	52	0.480769230769231
21	40574305	A	G	83	79	162	0.487654320987654
21	43557559	T	A	15	14	29	0.482758620689655
21	43679513	C	T	72	71	143	0.496503496503497
21	44189172	A	C	64	60	124	0.483870967741935
21	44270309	G	A	78	72	150	0.48
21	44273858	G	A	76	73	149	0.48993288590604
21	45219524	T	C	86	84	170	0.494117647058824
21	45725715	A	G	79	79	158	0.5
21	45959312	C	T	111	112	224	0.5
21	46021607	A	G	13	11	24	0.458333333333333
21	46328026	G	A	89	87	176	0.494318181818182
21	46354750	G	A	11	11	22	0.5
21	46896303	C	G	88	85	174	0.488505747126437
21	46957794	T	C	5	6	13	0.461538461538462
22	17990852	G	A	118	119	237	0.50210970464135
22	18021604	C	T	12	11	23	0.478260869565217
22	18077334	G	A	12	11	23	0.478260869565217
22	19882984	T	G	97	92	189	0.486772486772487
22	19958829	G	A	82	80	162	0.493827160493827
22	19959464	C	T	39	40	81	0.493827160493827
22	20050883	G	A	10	9	19	0.473684210526316
22	22162126	A	G	8	7	15	0.466666666666667
22	22288560	G	A	119	115	236	0.48728813559322
22	22569554	C	A	83	82	167	0.491017964071856
22	22786792	C	G	110	104	214	0.485981308411215
22	23077555	T	C	137	127	265	0.479245283018868
22	23114327	T	C	77	73	150	0.486666666666667
22	24376845	C	T	88	83	172	0.482558139534884
22	24472173	C	T	6	5	11	0.454545454545455
22	25753387	C	T	89	87	176	0.494318181818182
22	26264289	C	T	113	112	227	0.493392070484582
22	26854441	G	A	10	10	20	0.5
22	29130458	T	C	73	71	144	0.493055555555556
22	30221201	G	A	116	112	228	0.491228070175439
22	30403996	C	T	28	25	53	0.471698113207547
22	30857373	A	C	120	115	236	0.48728813559322
22	30901592	T	C	13	12	25	0.48
22	31679110	G	C	9	8	17	0.470588235294118
22	32554985	A	G	92	89	181	0.49171270718232
22	32650200	C	T	74	70	144	0.486111111111111
22	32871383	T	G	89	83	172	0.482558139534884
22	34000484	C	T	42	39	81	0.481481481481481
22	36556823	G	T	101	100	202	0.495049504950495
22	36657740	G	A	7	7	14	0.5
22	36886178	A	G	85	83	168	0.494047619047619
22	37480797	C	T	11	11	22	0.5
22	38121152	C	A	6	5	11	0.454545454545455
22	38205989	T	C	120	122	246	0.495934959349593
22	39381826	A	G	8	8	16	0.5
22	39498038	G	C	86	79	165	0.478787878787879
22	39907422	C	T	73	72	145	0.496551724137931
22	40057273	T	C	12	11	23	0.478260869565217
22	41188570	T	C	15	14	29	0.482758620689655
22	41195082	G	A	63	61	124	0.491935483870968
22	42059768	G	T	16	15	31	0.483870967741935
22	42159229	G	T	22	22	44	0.5
22	42611174	G	A	59	55	114	0.482456140350877
22	42912136	G	T	97	94	191	0.492146596858639
22	43195147	A	G	12	10	22	0.454545454545455
22	43203137	C	T	100	96	196	0.489795918367347
22	43275113	G	A	94	92	186	0.494623655913978
22	43455531	C	T	83	79	162	0.487654320987654
22	44112845	C	T	84	83	167	0.497005988023952
22	44324727	C	G	14	14	28	0.5
22	44761797	T	A	124	124	248	0.5
22	45075738	T	C	70	68	138	0.492753623188406
22	45291948	C	T	88	83	171	0.485380116959064
22	45685002	A	G	65	64	130	0.492307692307692
22	45826880	G	A	112	106	218	0.486238532110092
22	46704243	C	T	8	8	16	0.5
22	46709881	G	A	92	90	182	0.494505494505495
22	49834747	C	T	113	106	219	0.484018264840183
22	50720622	C	T	94	91	185	0.491891891891892
22	51012311	G	T	75	74	149	0.496644295302013
3	3067853	G	A	76	72	148	0.486486486486487
3	3076443	A	G	8	8	16	0.5
3	3081825	T	C	61	59	120	0.491666666666667
3	4712413	G	A	11	11	22	0.5
3	4842231	C	T	101	96	197	0.487309644670051
3	8955389	C	T	84	80	164	0.48780487804878
3	9425944	G	C	89	88	177	0.497175141242938
3	10276163	T	A	12	10	22	0.454545454545455
3	11067200	G	A	9	8	17	0.470588235294118
3	12610416	A	G	11	10	21	0.476190476190476
3	12645007	C	T	72	68	140	0.485714285714286
3	13670536	A	G	112	88	200	0.44
3	14755617	C	G	5	5	10	0.5
3	14939479	G	T	89	85	174	0.488505747126437
3	15509327	C	G	7	7	14	0.5
3	16638541	A	G	62	61	123	0.495934959349593
3	19959756	G	A	13	13	27	0.481481481481481
3	19961330	C	T	77	73	150	0.486666666666667
3	27463229	C	T	25	25	50	0.5
3	32181761	C	T	9	9	18	0.5
3	33260403	C	A	9	8	17	0.470588235294118
3	33759324	G	A	97	94	191	0.492146596858639
3	38043904	T	C	7	6	13	0.461538461538462
3	38170810	C	G	87	82	169	0.485207100591716
3	38271881	C	T	82	80	163	0.49079754601227
3	38404472	C	A	89	89	179	0.497206703910615
3	38764998	A	G	44	42	86	0.488372093023256
3	38766701	C	T	8	7	15	0.466666666666667
3	39107361	C	G	78	76	154	0.493506493506494
3	39111140	C	A	88	84	172	0.488372093023256
3	39448424	T	C	105	98	203	0.482758620689655
3	41831203	C	T	11	9	21	0.428571428571429
3	41960006	T	C	15	16	33	0.484848484848485
3	42735274	A	G	13	11	24	0.458333333333333
3	43097765	G	A	54	54	108	0.5
3	45559531	G	T	108	104	212	0.490566037735849
3	46007823	G	T	111	112	225	0.497777777777778
3	47288905	G	A	85	83	169	0.49112426035503
3	49215966	C	T	79	80	160	0.5
3	49273996	C	T	54	52	106	0.490566037735849
3	49398448	G	C	109	105	214	0.490654205607477
3	50114515	C	T	99	99	198	0.5
3	50144951	T	C	94	94	191	0.492146596858639
3	52524827	C	T	75	73	148	0.493243243243243
3	52823727	C	T	9	8	17	0.470588235294118
3	52840325	C	T	94	88	182	0.483516483516484
3	53269046	T	C	13	12	25	0.48
3	53700550	T	C	11	11	22	0.5
3	53883722	C	G	91	90	181	0.497237569060773
3	56114861	T	C	66	64	130	0.492307692307692
3	56703746	A	C	72	69	141	0.48936170212766
3	57176505	A	G	7	5	12	0.416666666666667
3	57303684	A	G	34	29	63	0.46031746031746
3	57431985	G	A	11	10	21	0.476190476190476
3	58118555	G	A	73	70	143	0.48951048951049
3	58179028	T	C	23	22	45	0.488888888888889
3	58191266	C	T	59	54	113	0.47787610619469
3	63437783	T	C	11	10	21	0.476190476190476
3	64536648	C	T	6	5	11	0.454545454545455
3	64589960	C	T	56	54	110	0.490909090909091
3	72971414	A	G	79	78	159	0.490566037735849
3	81698130	T	C	90	90	183	0.491803278688525
3	97541104	C	A	75	71	146	0.486301369863014
3	98002419	A	G	52	48	100	0.48
3	100532510	T	A	83	81	164	0.49390243902439
3	100558416	T	C	15	14	29	0.482758620689655
3	100712249	T	C	81	80	162	0.493827160493827
3	101066717	T	A	69	66	135	0.488888888888889
3	101383421	G	A	73	71	144	0.493055555555556
3	105260596	T	C	91	86	177	0.485875706214689
3	108135680	C	T	84	82	167	0.491017964071856
3	111918215	C	T	75	71	146	0.486301369863014
3	111921225	G	T	14	14	28	0.5
3	111981924	T	C	10	5	15	0.333333333333333
3	112666718	C	T	74	77	156	0.493589743589744
3	119219573	A	G	5	5	10	0.5
3	119338492	G	A	21	19	40	0.475
3	121507231	A	T	105	97	203	0.477832512315271
3	121526204	G	A	115	108	223	0.484304932735426
3	122289369	A	T	96	88	184	0.478260869565217
3	124646594	A	G	11	11	22	0.5
3	124802881	A	G	122	107	229	0.467248908296943
3	125648209	C	T	98	94	192	0.489583333333333
3	125726048	G	C	83	77	160	0.48125
3	125855665	T	G	105	102	207	0.492753623188406
3	126270923	G	C	62	61	124	0.491935483870968
3	127983495	T	C	20	22	42	0.523809523809524
3	128344786	G	A	6	5	11	0.454545454545455
3	129155451	C	T	7	7	14	0.5
3	129291751	T	C	88	89	181	0.49171270718232
3	130128232	G	A	71	67	138	0.485507246376812
3	130449222	A	G	84	82	166	0.493975903614458
3	130947435	A	T	79	75	154	0.487012987012987
3	133167363	G	A	79	74	153	0.483660130718954
3	133486958	G	C	145	143	290	0.493103448275862
3	133667507	T	C	9	9	19	0.473684210526316
3	134898742	C	T	102	97	199	0.487437185929648
3	137786442	T	C	8	8	16	0.5
3	138347957	G	A	74	71	145	0.489655172413793
3	142048450	A	G	16	14	30	0.466666666666667
3	148786108	C	T	90	91	183	0.497267759562842
3	156266774	C	T	122	124	247	0.502024291497976
3	156877707	A	T	87	90	181	0.497237569060773
3	164750368	G	A	84	83	168	0.494047619047619
3	164773057	G	A	78	77	155	0.496774193548387
3	164783165	T	C	80	78	159	0.490566037735849
3	167000256	G	C	10	9	19	0.473684210526316
3	167167186	T	A	58	56	114	0.491228070175439
3	167254681	A	G	74	70	144	0.486111111111111
3	169514585	A	T	90	87	177	0.491525423728814
3	169518455	T	C	60	58	118	0.491525423728814
3	171087469	G	A	68	66	134	0.492537313432836
3	175189447	G	A	85	83	168	0.494047619047619
3	179298999	C	T	79	83	167	0.497005988023952
3	179371154	C	T	6	6	12	0.5
3	180365956	G	A	90	87	177	0.491525423728814
3	182853670	T	C	14	12	26	0.461538461538462
3	183685534	A	G	116	108	228	0.473684210526316
3	183861243	A	G	100	98	199	0.492462311557789
3	184647413	T	C	10	9	19	0.473684210526316
3	189712010	G	A	61	59	120	0.491666666666667
3	190030680	A	G	10	9	19	0.473684210526316
3	191100561	C	A	95	91	186	0.489247311827957
3	192517421	T	C	6	5	11	0.454545454545455
3	193209178	T	C	78	77	155	0.496774193548387
3	194349178	C	T	19	19	38	0.5
3	194387253	A	G	75	71	146	0.486301369863014
3	195487798	C	T	7	7	14	0.5
3	195941216	C	G	11	10	21	0.476190476190476
3	196743130	T	C	53	52	105	0.495238095238095
3	197483325	A	G	83	80	163	0.49079754601227
3	197701913	G	T	132	128	260	0.492307692307692
4	264941	A	G	89	85	174	0.488505747126437
4	376888	C	A	121	118	239	0.493723849372385
4	660340	G	A	76	74	150	0.493333333333333
4	1291791	A	G	9	9	18	0.5
4	1646017	C	G	88	84	172	0.488372093023256
4	1656801	A	C	7	7	14	0.5
4	1737502	C	T	76	70	146	0.479452054794521
4	3009479	C	T	103	100	204	0.490196078431373
4	3263138	G	A	7	6	13	0.461538461538462
4	5333091	G	A	80	78	159	0.490566037735849
4	5838513	C	G	10	10	20	0.5
4	6293696	C	G	21	20	41	0.48780487804878
4	6600012	A	G	8	7	15	0.466666666666667
4	7717012	G	A	9	9	19	0.473684210526316
4	17694943	A	G	60	58	118	0.491525423728814
4	26274274	T	A	8	7	15	0.466666666666667
4	39216221	C	T	89	82	171	0.47953216374269
4	42003671	A	G	75	73	148	0.493243243243243
4	42400112	G	T	9	9	18	0.5
4	42509101	G	A	89	86	175	0.491428571428571
4	47525054	T	C	7	6	13	0.461538461538462
4	48493237	G	A	103	98	201	0.487562189054726
4	48588742	C	T	90	83	173	0.479768786127168
4	49063872	C	A	51	48	99	0.484848484848485
4	55130078	T	C	9	8	17	0.470588235294118
4	56475338	G	A	77	73	151	0.483443708609272
4	57270197	T	C	53	51	105	0.485714285714286
4	57516896	G	A	94	91	185	0.491891891891892
4	62800728	T	C	12	11	23	0.478260869565217
4	69078113	T	C	36	32	68	0.470588235294118
4	69403588	G	A	65	60	125	0.48
4	69964271	A	G	119	112	231	0.484848484848485
4	71384546	C	T	84	83	169	0.49112426035503
4	73942678	C	T	7	6	13	0.461538461538462
4	76788499	T	A	81	78	159	0.490566037735849
4	77055474	A	G	45	43	88	0.488636363636364
4	77192868	G	A	68	67	135	0.496296296296296
4	77977235	T	C	96	88	184	0.478260869565217
4	79229302	A	G	9	9	18	0.5
4	79371474	C	T	59	54	113	0.47787610619469
4	82092870	A	G	83	79	164	0.481707317073171
4	87809025	T	C	11	10	21	0.476190476190476
4	89319296	T	C	74	72	146	0.493150684931507
4	89607932	G	A	95	92	187	0.491978609625668
4	92246344	G	A	88	88	177	0.497175141242938
4	96106322	A	G	11	11	22	0.5
4	98893437	A	G	6	5	11	0.454545454545455
4	100064368	G	C	86	86	174	0.494252873563218
4	100266112	C	T	47	47	94	0.5
4	100349669	C	G	6	5	11	0.454545454545455
4	100496105	C	G	11	10	21	0.476190476190476
4	100504575	G	C	14	14	28	0.5
4	100784980	C	T	77	75	152	0.493421052631579
4	104004073	C	T	87	80	167	0.479041916167665
4	104013796	T	C	63	60	123	0.48780487804878
4	106317429	C	G	19	18	37	0.486486486486487
4	107168431	G	C	72	69	141	0.48936170212766
4	111397678	C	T	76	72	148	0.486486486486487
4	113524723	G	A	101	98	199	0.492462311557789
4	120181724	A	G	88	83	171	0.485380116959064
4	121738049	T	C	74	73	148	0.493243243243243
4	122872719	G	A	15	18	36	0.5
4	123229132	C	T	9	8	17	0.470588235294118
4	123664919	A	G	72	72	144	0.5
4	123748086	C	T	14	13	27	0.481481481481481
4	129012638	A	G	104	105	209	0.502392344497608
4	129100643	G	A	75	73	149	0.48993288590604
4	129867280	T	A	80	76	156	0.487179487179487
4	130030652	A	G	7	6	13	0.461538461538462
4	138449683	A	G	6	5	11	0.454545454545455
4	144442735	C	T	96	91	187	0.486631016042781
4	144794616	C	T	108	108	217	0.497695852534562
4	145659064	T	C	85	83	168	0.494047619047619
4	147863829	G	A	19	17	36	0.472222222222222
4	148461037	T	C	71	74	153	0.483660130718954
4	149358014	G	C	7	7	14	0.5
4	151769986	C	A	38	37	75	0.493333333333333
4	151788955	A	C	87	83	171	0.485380116959064
4	151829824	T	C	11	9	20	0.45
4	154479430	T	C	82	79	161	0.490683229813665
4	155459194	A	T	86	83	169	0.49112426035503
4	155461113	T	C	77	74	151	0.490066225165563
4	156281371	T	C	7	6	13	0.461538461538462
4	157557726	A	G	77	76	153	0.496732026143791
4	159133858	C	T	91	89	180	0.494444444444444
4	159154109	A	G	61	61	123	0.495934959349593
4	164435265	A	C	80	77	157	0.490445859872611
4	169083694	A	C	18	16	34	0.470588235294118
4	169327191	C	T	16	15	31	0.483870967741935
4	169621191	G	A	90	86	176	0.488636363636364
4	170483300	C	T	84	80	165	0.484848484848485
4	174090004	G	A	81	76	157	0.484076433121019
4	175237408	T	C	87	83	170	0.488235294117647
4	175413228	T	C	78	81	165	0.490909090909091
4	184236868	G	A	12	11	23	0.478260869565217
4	184614874	C	T	81	78	159	0.490566037735849
4	185678840	G	A	113	109	224	0.486607142857143
4	185686032	C	T	53	52	105	0.495238095238095
4	186091487	G	A	103	102	206	0.495145631067961
4	187195373	C	T	48	43	91	0.472527472527473
5	181762	A	G	7	5	12	0.416666666666667
5	422955	C	G	8	7	15	0.466666666666667
5	442933	G	A	124	125	254	0.492125984251969
5	665295	A	G	102	102	204	0.5
5	1081767	C	T	34	33	67	0.492537313432836
5	1216775	A	G	88	83	171	0.485380116959064
5	1240757	C	G	15	13	28	0.464285714285714
5	6652009	G	A	58	58	119	0.487394957983193
5	6656210	G	A	80	77	157	0.490445859872611
5	7707918	C	T	31	30	61	0.491803278688525
5	7889304	C	T	13	13	26	0.5
5	10239353	C	T	6	5	11	0.454545454545455
5	10282396	A	G	107	108	219	0.493150684931507
5	10650150	A	G	7	7	14	0.5
5	13902220	T	C	84	83	168	0.494047619047619
5	26988424	T	C	11	10	21	0.476190476190476
5	31317494	C	T	85	82	167	0.491017964071856
5	31317952	T	C	59	57	116	0.491379310344828
5	31409252	A	G	74	71	145	0.489655172413793
5	33951693	C	G	71	75	149	0.503355704697987
5	34840841	A	G	100	95	195	0.487179487179487
5	35033605	G	A	8	6	14	0.428571428571429
5	35037115	C	T	54	49	103	0.475728155339806
5	35702306	A	G	87	82	169	0.485207100591716
5	36269551	G	C	37	34	71	0.47887323943662
5	38338843	A	G	15	12	27	0.444444444444444
5	38904482	G	A	109	104	214	0.485981308411215
5	39141240	G	A	89	89	179	0.497206703910615
5	39364554	G	A	77	71	148	0.47972972972973
5	40860275	A	G	60	58	118	0.491525423728814
5	41000343	G	A	7	7	14	0.5
5	41069852	T	C	87	85	174	0.488505747126437
5	52157374	T	C	83	79	162	0.487654320987654
5	52193287	C	T	109	102	211	0.483412322274882
5	52351377	T	C	11	11	22	0.5
5	52942197	A	G	85	79	164	0.481707317073171
5	54436203	G	A	95	91	186	0.489247311827957
5	54960673	C	G	88	87	175	0.497142857142857
5	60214128	A	G	85	82	167	0.491017964071856
5	63986534	C	G	80	82	167	0.491017964071856
5	64097145	C	G	84	80	164	0.48780487804878
5	68688608	T	C	70	68	140	0.485714285714286
5	70840233	C	T	91	84	175	0.48
5	70858194	C	T	75	73	148	0.493243243243243
5	72798845	A	G	94	92	186	0.494623655913978
5	72861580	C	T	90	86	176	0.488636363636364
5	73144845	A	G	84	78	162	0.481481481481481
5	74046464	C	T	77	74	151	0.490066225165563
5	75003678	T	C	75	71	146	0.486301369863014
5	75884734	G	A	110	106	217	0.488479262672811
5	87493525	C	T	57	55	112	0.491071428571429
5	87498849	G	A	95	90	185	0.486486486486487
5	89914925	T	G	73	71	145	0.489655172413793
5	90107108	A	G	91	88	179	0.491620111731844
5	90151589	G	A	85	88	180	0.488888888888889
5	90445889	A	G	96	93	189	0.492063492063492
5	94278129	T	C	48	44	92	0.478260869565217
5	95236415	G	A	55	50	105	0.476190476190476
5	102345546	A	C	81	78	159	0.490566037735849
5	108672946	C	T	159	158	317	0.498422712933754
5	109159494	T	A	83	81	164	0.49390243902439
5	109181682	A	T	81	80	163	0.49079754601227
5	111611076	A	G	99	96	195	0.492307692307692
5	112257908	T	C	86	80	166	0.481927710843373
5	112399791	G	A	13	11	24	0.458333333333333
5	112926755	G	A	24	21	45	0.466666666666667
5	112929013	T	A	74	68	142	0.47887323943662
5	115428381	T	G	12	11	23	0.478260869565217
5	122727026	G	A	92	87	182	0.478021978021978
5	128430757	T	C	7	6	13	0.461538461538462
5	131670546	C	G	94	89	183	0.486338797814208
5	137708434	C	T	62	57	119	0.478991596638655
5	138463538	G	C	62	64	126	0.507936507936508
5	139197090	C	T	8	7	15	0.466666666666667
5	139745154	T	C	14	13	27	0.481481481481481
5	139938237	C	T	80	72	152	0.473684210526316
5	140182101	G	T	112	108	221	0.48868778280543
5	140188289	G	A	112	110	226	0.486725663716814
5	140222641	A	G	83	80	163	0.49079754601227
5	140228164	C	A	54	53	107	0.495327102803738
5	140229581	G	C	117	115	232	0.495689655172414
5	140559849	G	A	83	80	164	0.48780487804878
5	140896472	C	T	6	6	12	0.5
5	141014494	T	C	15	14	29	0.482758620689655
5	141019569	G	C	135	134	270	0.496296296296296
5	145519821	G	A	79	77	157	0.490445859872611
5	147286054	G	A	59	57	116	0.491379310344828
5	147480955	A	G	103	98	201	0.487562189054726
5	147488367	C	T	89	87	176	0.494318181818182
5	147499616	C	T	81	80	161	0.496894409937888
5	148042230	G	T	93	93	186	0.5
5	148383345	C	G	58	56	114	0.491228070175439
5	148578636	T	C	84	82	166	0.493975903614458
5	149583336	T	C	56	54	110	0.490909090909091
5	149826526	C	T	105	104	209	0.497607655502392
5	149907818	C	T	6	6	12	0.5
5	150097883	G	C	52	49	101	0.485148514851485
5	153413390	C	T	77	74	151	0.490066225165563
5	156898690	A	G	12	12	24	0.5
5	157102185	A	G	74	72	146	0.493150684931507
5	159835658	A	G	68	66	135	0.488888888888889
5	167858371	G	T	112	112	225	0.497777777777778
5	169174484	A	G	91	86	177	0.485875706214689
5	172196711	G	T	88	84	172	0.488372093023256
5	177675217	C	T	8	8	16	0.5
5	178581859	G	A	82	78	160	0.4875
5	179529124	G	A	85	83	168	0.494047619047619
5	180472498	C	T	79	76	155	0.490322580645161
6	564063	C	T	103	101	204	0.495098039215686
6	4735071	C	G	7	6	13	0.461538461538462
6	6318795	C	A	13	12	25	0.48
6	7577260	C	T	72	68	140	0.485714285714286
6	7585967	G	C	93	90	183	0.491803278688525
6	7883386	G	A	6	6	12	0.5
6	15533469	G	A	6	5	11	0.454545454545455
6	17543302	A	G	9	9	18	0.5
6	24418786	T	C	114	112	226	0.495575221238938
6	25420350	A	C	82	83	166	0.5
6	25727517	G	A	106	104	210	0.495238095238095
6	25862466	C	T	8	8	16	0.5
6	26033641	G	A	46	42	88	0.477272727272727
6	26234952	A	G	79	74	154	0.480519480519481
6	27839746	T	C	83	79	162	0.487654320987654
6	29364539	G	A	7	6	13	0.461538461538462
6	29581041	A	G	53	50	103	0.485436893203884
6	29625001	A	G	9	8	17	0.470588235294118
6	29691303	G	A	121	122	244	0.5
6	29694681	A	T	116	113	229	0.493449781659389
6	29795993	G	A	60	58	118	0.491525423728814
6	29796327	C	T	104	95	200	0.475
6	30671989	G	C	72	70	142	0.492957746478873
6	30893127	G	A	55	52	107	0.485981308411215
6	31002527	A	G	63	63	127	0.496062992125984
6	31134087	C	G	86	83	169	0.49112426035503
6	32307382	G	A	118	116	235	0.493617021276596
6	32609173	C	G	8	7	15	0.466666666666667
6	32725062	T	A	61	59	120	0.491666666666667
6	32944746	G	A	65	60	125	0.48
6	33141280	G	A	9	8	17	0.470588235294118
6	33636907	C	T	52	48	100	0.48
6	35265711	C	T	83	80	163	0.49079754601227
6	36393816	A	G	86	82	168	0.488095238095238
6	36937797	C	T	80	79	159	0.49685534591195
6	37183026	G	T	108	100	208	0.480769230769231
6	37252210	C	T	10	9	19	0.473684210526316
6	38800209	T	C	85	84	170	0.494117647058824
6	38843426	C	T	5	5	10	0.5
6	39158773	G	T	77	74	151	0.490066225165563
6	39325078	A	G	99	100	199	0.50251256281407
6	41020078	A	G	26	25	51	0.490196078431373
6	42153428	C	A	13	12	25	0.48
6	42185564	A	C	117	116	233	0.497854077253219
6	43188940	C	T	87	83	170	0.488235294117647
6	43273604	A	G	122	122	245	0.497959183673469
6	43970453	G	A	113	110	223	0.493273542600897
6	44360533	G	A	59	53	112	0.473214285714286
6	46832813	G	A	81	77	158	0.487341772151899
6	47624239	A	G	80	79	159	0.49685534591195
6	51497519	C	T	9	9	18	0.5
6	52701143	C	T	55	51	106	0.481132075471698
6	55639028	G	A	9	9	18	0.5
6	71547572	A	T	96	94	192	0.489583333333333
6	74125888	A	G	83	79	163	0.484662576687117
6	76425288	A	G	78	79	161	0.490683229813665
6	79679577	A	G	78	75	154	0.487012987012987
6	83938603	A	G	83	83	166	0.5
6	88224164	T	C	77	75	152	0.493421052631579
6	88321960	C	T	113	114	227	0.502202643171806
6	90327873	G	A	97	95	192	0.494791666666667
6	99825348	T	C	80	74	154	0.480519480519481
6	108214694	C	T	61	60	121	0.495867768595041
6	109752384	G	A	31	29	60	0.483333333333333
6	109885475	G	A	82	77	159	0.484276729559748
6	109894773	T	A	19	18	37	0.486486486486487
6	112450238	A	G	76	74	150	0.493333333333333
6	116950833	T	C	8	7	16	0.4375
6	117631431	T	G	7	7	14	0.5
6	123699019	A	C	70	66	136	0.485294117647059
6	129807714	G	A	5	5	10	0.5
6	130381246	T	C	93	91	184	0.494565217391304
6	131520655	G	A	93	90	183	0.491803278688525
6	132722527	G	A	9	8	17	0.470588235294118
6	133105120	C	T	75	72	147	0.489795918367347
6	135523774	A	G	116	99	215	0.46046511627907
6	137026266	T	G	66	64	130	0.492307692307692
6	137540536	G	A	92	90	182	0.494505494505495
6	144167349	G	A	12	10	22	0.454545454545455
6	144665357	T	C	130	128	258	0.496124031007752
6	144876008	C	T	76	75	151	0.496688741721854
6	145051594	G	A	10	10	20	0.5
6	147049868	G	A	7	6	13	0.461538461538462
6	149953981	C	T	75	71	146	0.486301369863014
6	150039148	G	A	18	16	34	0.470588235294118
6	150210685	C	T	88	83	171	0.485380116959064
6	150346532	T	C	100	98	198	0.494949494949495
6	151894340	C	T	63	58	121	0.479338842975207
6	152466674	T	C	12	10	22	0.454545454545455
6	152529260	G	A	80	77	157	0.490445859872611
6	152665261	C	A	125	124	250	0.496
6	152690652	C	T	83	79	162	0.487654320987654
6	152772264	A	G	11	10	21	0.476190476190476
6	152776750	G	A	85	85	170	0.5
6	157963743	G	A	116	118	235	0.502127659574468
6	158499302	G	T	98	93	191	0.486910994764398
6	159414899	T	C	78	77	156	0.493589743589744
6	159667961	T	G	7	7	14	0.5
6	160769811	C	T	90	87	177	0.491525423728814
6	161807855	C	G	83	82	165	0.496969696969697
6	165703523	C	T	15	13	28	0.464285714285714
6	165895824	T	C	74	69	144	0.479166666666667
6	166579270	C	T	46	44	90	0.488888888888889
6	167344583	A	G	51	51	102	0.5
6	167709702	G	A	10	8	18	0.444444444444444
6	168188265	C	T	27	26	53	0.490566037735849
6	168343838	T	C	91	89	180	0.494444444444444
6	168479604	G	A	7	7	14	0.5
6	170047953	C	T	112	108	220	0.490909090909091
6	170176467	A	G	35	32	67	0.477611940298507
7	299881	A	G	9	8	17	0.470588235294118
7	883105	C	T	7	6	13	0.461538461538462
7	889169	A	G	81	78	159	0.490566037735849
7	1595068	G	A	77	74	151	0.490066225165563
7	1878453	T	A	12	7	19	0.368421052631579
7	2646950	T	G	9	8	17	0.470588235294118
7	4116665	G	A	80	77	157	0.490445859872611
7	4213975	A	G	94	89	183	0.486338797814208
7	4823971	C	T	75	73	148	0.493243243243243
7	4825945	G	A	85	82	167	0.491017964071856
7	4959807	G	A	89	82	171	0.47953216374269
7	5399044	C	G	56	53	109	0.486238532110092
7	5643145	T	C	9	8	17	0.470588235294118
7	6036980	G	C	76	72	148	0.486486486486487
7	7495735	T	C	10	9	19	0.473684210526316
7	12675677	G	C	135	128	263	0.486692015209125
7	15427149	G	T	95	90	185	0.486486486486487
7	16834551	C	A	11	10	21	0.476190476190476
7	20180717	C	G	6	5	11	0.454545454545455
7	20691219	G	A	56	52	108	0.481481481481481
7	21641218	G	A	9	8	17	0.470588235294118
7	21765452	C	T	18	18	36	0.5
7	22202117	G	A	75	73	148	0.493243243243243
7	23236842	C	T	106	101	207	0.48792270531401
7	23728916	G	A	9	7	16	0.4375
7	24325009	G	A	10	9	19	0.473684210526316
7	25182405	G	T	27	24	51	0.470588235294118
7	25194665	G	C	115	114	229	0.497816593886463
7	26678910	C	T	61	59	120	0.491666666666667
7	27185520	G	A	102	98	200	0.49
7	27702390	C	A	13	12	25	0.48
7	29152416	G	A	50	50	100	0.5
7	29552213	T	C	12	11	23	0.478260869565217
7	30544360	G	A	87	84	174	0.482758620689655
7	33060946	A	G	129	124	253	0.490118577075099
7	38402496	A	G	75	73	148	0.493243243243243
7	38780924	T	C	20	20	40	0.5
7	42212210	C	T	74	71	145	0.489655172413793
7	43506158	T	C	44	41	85	0.482352941176471
7	43843423	G	A	90	84	174	0.482758620689655
7	44147485	C	A	79	76	155	0.490322580645161
7	45009341	A	G	127	123	250	0.492
7	47323456	A	G	56	54	110	0.490909090909091
7	47333332	G	A	67	65	132	0.492424242424242
7	47568718	C	T	87	85	172	0.494186046511628
7	47869038	T	C	7	6	13	0.461538461538462
7	48004962	C	T	82	80	168	0.476190476190476
7	48081095	G	T	92	86	178	0.48314606741573
7	48352698	A	G	8	7	15	0.466666666666667
7	55238874	T	A	30	29	59	0.491525423728814
7	56126360	T	C	108	108	216	0.5
7	64451656	G	A	118	110	228	0.482456140350877
7	75176300	T	C	90	87	177	0.491525423728814
7	75659815	T	C	23	21	44	0.477272727272727
7	76058767	G	T	34	32	66	0.484848484848485
7	76916159	C	T	80	79	159	0.49685534591195
7	76922490	C	T	8	8	16	0.5
7	76984572	G	A	9	8	17	0.470588235294118
7	80427495	C	A	88	87	175	0.497142857142857
7	81631007	T	C	43	42	86	0.488372093023256
7	87092185	G	A	84	81	165	0.490909090909091
7	87138645	A	G	14	12	26	0.461538461538462
7	88956699	A	G	8	8	16	0.5
7	89912301	G	A	86	87	175	0.497142857142857
7	89938680	C	T	84	79	163	0.484662576687117
7	89982132	T	C	20	19	39	0.487179487179487
7	91641928	A	G	11	10	21	0.476190476190476
7	92164359	C	T	81	78	159	0.490566037735849
7	95216394	T	G	94	92	187	0.491978609625668
7	95606877	C	A	5	5	10	0.5
7	97922875	G	A	30	29	59	0.491525423728814
7	98800834	A	G	82	74	156	0.474358974358974
7	99747130	G	A	14	14	28	0.5
7	99796146	A	C	10	8	18	0.444444444444444
7	100160264	T	C	98	93	191	0.486910994764398
7	100377082	T	C	10	10	20	0.5
7	103162599	G	C	13	13	26	0.5
7	105658460	C	G	82	81	163	0.496932515337423
7	106826381	C	T	43	39	82	0.475609756097561
7	107002806	A	G	99	99	200	0.495
7	107558483	C	T	36	35	73	0.479452054794521
7	108212353	G	A	9	9	18	0.5
7	111161468	G	A	12	10	22	0.454545454545455
7	111981015	C	T	72	70	142	0.492957746478873
7	113517888	T	C	11	11	22	0.5
7	114296545	A	C	49	44	93	0.473118279569892
7	117024820	T	G	43	42	85	0.494117647058824
7	117235055	T	G	97	93	191	0.486910994764398
7	120764477	G	C	74	74	148	0.5
7	124499003	T	A	14	13	27	0.481481481481481
7	127250907	T	C	124	118	242	0.487603305785124
7	127721507	T	C	33	30	63	0.476190476190476
7	127991090	T	C	84	80	164	0.48780487804878
7	128477472	T	C	6	6	12	0.5
7	128607384	G	A	86	86	172	0.5
7	129067053	T	C	10	10	20	0.5
7	129916515	T	C	73	70	144	0.486111111111111
7	129944404	G	C	70	67	137	0.489051094890511
7	131189129	C	T	9	9	18	0.5
7	133580447	G	A	76	72	148	0.486486486486487
7	138602417	G	A	80	77	157	0.490445859872611
7	139727135	G	A	11	10	21	0.476190476190476
7	140158851	C	G	64	60	124	0.483870967741935
7	141781935	G	A	10	10	20	0.5
7	142168452	C	A	120	116	237	0.489451476793249
7	144364918	G	T	85	82	167	0.491017964071856
7	149543269	C	T	62	63	127	0.496062992125984
7	150386627	C	T	79	77	156	0.493589743589744
7	150491084	T	G	72	71	144	0.493055555555556
7	151800228	C	T	7	7	14	0.5
7	151949068	C	G	77	75	152	0.493421052631579
7	154672646	T	C	56	55	111	0.495495495495495
7	156469133	C	G	63	59	122	0.483606557377049
7	156469190	A	G	75	70	145	0.482758620689655
7	156589149	A	G	93	89	182	0.489010989010989
7	158447855	T	G	7	6	13	0.461538461538462
8	1876631	C	T	94	91	185	0.491891891891892
8	2037833	G	C	82	76	158	0.481012658227848
8	3265590	C	T	8	8	16	0.5
8	6272399	G	T	84	82	167	0.491017964071856
8	6296550	G	T	78	74	152	0.486842105263158
8	8860620	T	C	10	10	20	0.5
8	10211175	C	T	78	77	155	0.496774193548387
8	11704650	C	T	83	81	164	0.49390243902439
8	11832079	A	G	88	83	171	0.485380116959064
8	13072177	C	T	31	31	62	0.5
8	16012648	G	C	86	83	169	0.49112426035503
8	18257854	T	C	8	6	14	0.428571428571429
8	19192332	G	T	12	12	24	0.5
8	19810826	G	A	32	30	62	0.483870967741935
8	21766900	G	A	29	28	57	0.491228070175439
8	22481449	A	G	93	87	180	0.483333333333333
8	22570935	T	C	7	6	13	0.461538461538462
8	22886020	A	G	5	5	10	0.5
8	22960873	G	C	50	49	100	0.49
8	22974450	T	C	59	58	117	0.495726495726496
8	23001988	A	G	9	8	17	0.470588235294118
8	23146095	A	G	82	83	168	0.494047619047619
8	27308585	A	C	80	78	158	0.493670886075949
8	27324822	T	C	72	70	142	0.492957746478873
8	29005093	A	G	89	86	175	0.491428571428571
8	29996158	A	G	76	74	150	0.493333333333333
8	30924557	C	T	81	79	161	0.490683229813665
8	38965271	C	T	86	84	170	0.494117647058824
8	39871135	C	T	85	89	181	0.49171270718232
8	48852225	C	T	89	87	176	0.494318181818182
8	51571172	G	A	12	11	23	0.478260869565217
8	52232487	G	T	120	118	238	0.495798319327731
8	52233408	C	T	8	8	16	0.5
8	53537316	A	G	99	95	194	0.489690721649485
8	59508134	T	C	84	81	165	0.490909090909091
8	61488824	T	C	10	9	19	0.473684210526316
8	71128963	T	C	20	20	41	0.48780487804878
8	76452313	G	A	86	82	168	0.488095238095238
8	82355667	C	T	94	87	181	0.480662983425414
8	86049708	T	C	83	79	162	0.487654320987654
8	87484669	C	T	86	83	169	0.49112426035503
8	87660100	T	C	79	76	155	0.490322580645161
8	92033502	T	C	10	9	19	0.473684210526316
8	94808165	A	G	119	115	234	0.491452991452991
8	94817064	T	C	83	78	161	0.484472049689441
8	95782690	C	T	104	102	206	0.495145631067961
8	98817631	G	A	63	58	121	0.479338842975207
8	99006736	C	T	89	85	175	0.485714285714286
8	101206391	G	A	8	8	16	0.5
8	102631911	G	A	88	85	173	0.491329479768786
8	104312432	A	G	88	85	174	0.488505747126437
8	110302047	T	G	87	83	170	0.488235294117647
8	110455321	C	A	13	13	27	0.481481481481481
8	113364696	A	G	7	8	15	0.533333333333333
8	114111156	C	T	13	12	25	0.48
8	114186003	T	C	14	14	28	0.5
8	118184784	G	A	7	6	13	0.461538461538462
8	119123172	T	C	9	8	17	0.470588235294118
8	120575184	G	A	82	79	161	0.490683229813665
8	128428638	G	A	80	73	153	0.477124183006536
8	130774897	T	C	8	8	16	0.5
8	130863149	T	C	81	79	160	0.49375
8	131353139	T	C	96	93	191	0.486910994764398
8	132982824	A	G	92	89	181	0.49171270718232
8	132999936	A	G	84	81	165	0.490909090909091
8	133067315	G	A	66	65	131	0.49618320610687
8	133184926	G	A	62	55	117	0.47008547008547
8	133759318	A	G	5	5	10	0.5
8	133844508	C	T	88	82	170	0.482352941176471
8	135522364	A	G	13	12	25	0.48
8	135652020	C	T	79	76	155	0.490322580645161
8	139642974	T	C	110	107	217	0.493087557603687
8	142138860	C	G	62	61	123	0.495934959349593
8	142204326	C	G	30	29	59	0.491525423728814
8	142458053	A	G	100	98	198	0.494949494949495
8	142477517	G	A	6	6	12	0.5
8	142517227	C	T	76	74	150	0.493333333333333
8	144102872	G	A	84	79	163	0.484662576687117
8	144413416	G	A	79	79	160	0.49375
8	144654255	A	G	92	86	178	0.48314606741573
8	144802735	A	C	10	9	19	0.473684210526316
8	144945535	G	A	5	5	10	0.5
8	145011204	A	G	88	83	171	0.485380116959064
9	5050706	C	T	90	85	175	0.485714285714286
9	5077517	T	C	67	67	135	0.496296296296296
9	5081780	G	A	89	87	178	0.48876404494382
9	5090783	G	A	80	75	155	0.483870967741935
9	6253571	C	T	79	77	156	0.493589743589744
9	13150531	T	C	20	19	39	0.487179487179487
9	15188106	T	C	79	74	153	0.483660130718954
9	15466846	G	C	84	81	165	0.490909090909091
9	15784631	A	G	34	33	67	0.492537313432836
9	17143294	A	G	73	68	141	0.482269503546099
9	18681821	A	G	41	38	79	0.481012658227848
9	22029445	G	A	7	6	13	0.461538461538462
9	22447655	T	A	72	75	150	0.5
9	26923258	G	A	80	76	156	0.487179487179487
9	27168571	T	C	10	9	19	0.473684210526316
9	33385134	C	T	100	98	198	0.494949494949495
9	34125258	C	G	10	9	19	0.473684210526316
9	34489437	A	G	50	46	96	0.479166666666667
9	34729392	A	G	51	48	99	0.484848484848485
9	35606884	G	A	86	82	168	0.488095238095238
9	35712003	G	A	8	8	16	0.5
9	35749403	G	C	60	57	117	0.487179487179487
9	37782111	C	T	113	105	219	0.479452054794521
9	38588602	T	C	73	73	146	0.5
9	71869473	G	A	65	63	128	0.4921875
9	72472831	C	T	89	85	174	0.488505747126437
9	72897434	G	A	79	76	155	0.490322580645161
9	72933774	A	G	11	10	21	0.476190476190476
9	73461337	T	A	73	71	144	0.493055555555556
9	74319677	T	C	7	6	13	0.461538461538462
9	74671719	T	C	107	107	216	0.49537037037037
9	77563087	C	T	10	10	20	0.5
9	78803512	C	T	38	35	73	0.479452054794521
9	88201863	A	G	75	73	148	0.493243243243243
9	90266627	C	T	9	8	17	0.470588235294118
9	90500909	C	T	7	6	13	0.461538461538462
9	90502458	T	A	5	6	13	0.461538461538462
9	95838070	G	C	11	9	20	0.45
9	95887320	G	T	81	75	156	0.480769230769231
9	97768286	T	C	109	108	217	0.497695852534562
9	98278940	C	G	43	43	86	0.5
9	98997810	C	T	96	93	191	0.486910994764398
9	100074446	C	T	84	81	165	0.490909090909091
9	100139161	A	G	9	10	20	0.5
9	100380093	T	C	5	5	10	0.5
9	100616583	T	C	115	111	226	0.491150442477876
9	100819192	C	T	87	83	170	0.488235294117647
9	101056108	T	C	90	86	176	0.488636363636364
9	101611335	G	C	81	77	158	0.487341772151899
9	102595069	G	A	73	74	149	0.496644295302013
9	104449098	C	T	12	12	24	0.5
9	105767536	G	A	79	73	152	0.480263157894737
9	107380215	T	A	85	80	166	0.481927710843373
9	107380396	T	G	59	57	116	0.491379310344828
9	107515214	G	A	87	82	169	0.485207100591716
9	113457799	A	G	80	73	153	0.477124183006536
9	114521086	C	T	71	69	140	0.492857142857143
9	116028559	C	A	61	59	120	0.491666666666667
9	116082647	C	G	8	7	15	0.466666666666667
9	117170241	G	C	18	17	35	0.485714285714286
9	117797597	T	C	91	88	179	0.491620111731844
9	117815273	G	A	14	13	27	0.481481481481481
9	123156790	A	G	72	66	138	0.478260869565217
9	123671520	G	A	22	19	41	0.463414634146341
9	123860689	C	T	8	7	15	0.466666666666667
9	125289219	A	G	5	5	10	0.5
9	125652757	G	A	8	7	15	0.466666666666667
9	127220515	G	A	80	75	155	0.483870967741935
9	127228596	A	G	7	7	14	0.5
9	127643456	T	C	84	85	170	0.5
9	127951863	G	A	80	80	160	0.5
9	128067419	G	A	21	19	40	0.475
9	128072273	G	C	79	78	157	0.496815286624204
9	129752239	C	T	107	104	212	0.490566037735849
9	130473535	G	A	10	10	20	0.5
9	130864676	T	C	72	70	142	0.492957746478873
9	131019922	C	T	109	104	213	0.488262910798122
9	131038429	A	C	125	120	246	0.48780487804878
9	131360750	C	T	62	61	123	0.495934959349593
9	131580998	C	T	99	95	194	0.489690721649485
9	131586374	G	A	88	82	170	0.482352941176471
9	131588888	G	C	11	11	22	0.5
9	131909736	C	T	64	62	126	0.492063492063492
9	132375432	C	T	98	89	187	0.475935828877005
9	132594180	T	C	76	74	150	0.493333333333333
9	132623868	T	C	23	21	44	0.477272727272727
9	133946909	G	A	83	80	164	0.48780487804878
9	134390870	C	A	12	10	22	0.454545454545455
9	135102254	C	T	8	6	14	0.428571428571429
9	135172412	A	G	9	7	16	0.4375
9	135470414	T	C	78	74	152	0.486842105263158
9	135946599	C	T	9	9	18	0.5
9	136268084	A	G	37	36	73	0.493150684931507
9	136302008	G	T	12	10	22	0.454545454545455
9	136379890	A	G	85	82	167	0.491017964071856
9	136915508	C	T	7	6	13	0.461538461538462
9	138377393	G	A	79	72	151	0.47682119205298
9	138838140	T	C	81	79	160	0.49375
9	138905136	C	T	82	81	163	0.496932515337423
9	138908250	C	T	6	5	11	0.454545454545455
9	139110654	C	T	7	6	13	0.461538461538462
9	139298580	C	T	49	47	96	0.489583333333333
9	139849847	G	C	29	29	58	0.5
9	139866247	T	G	78	77	155	0.496774193548387
9	139913239	T	G	118	129	249	0.518072289156627
9	140002187	C	T	5	5	10	0.5
9	140262426	C	T	87	84	171	0.491228070175439
9	141008876	C	T	79	78	157	0.496815286624204
X	301534	G	A	85	81	166	0.487951807228916
X	1540706	A	G	49	47	96	0.489583333333333
X	3631167	A	G	112	114	229	0.497816593886463
X	6975782	C	G	92	87	179	0.486033519553073
X	18230715	A	C	79	77	157	0.490445859872611
X	19364644	C	T	86	81	167	0.48502994011976
X	20204461	G	T	101	98	199	0.492462311557789
X	24073761	C	T	55	53	108	0.490740740740741
X	35938045	C	T	75	73	148	0.493243243243243
X	36368205	A	G	92	88	180	0.488888888888889
X	37534916	A	G	8	7	15	0.466666666666667
X	37967868	T	C	86	83	169	0.49112426035503
X	38144856	G	A	82	80	162	0.493827160493827
X	38156677	C	T	10	10	20	0.5
X	41055609	G	A	136	130	270	0.481481481481481
X	47705684	C	T	14	13	27	0.481481481481481
X	48054740	C	G	66	62	128	0.484375
X	54040987	G	A	9	7	16	0.4375
X	67652748	C	T	80	78	158	0.493670886075949
X	69668463	A	G	119	114	234	0.487179487179487
X	86887244	C	T	19	18	37	0.486486486486487
X	100395663	G	T	79	75	154	0.487012987012987
X	100608191	G	A	76	70	146	0.479452054794521
X	100613625	A	G	11	10	21	0.476190476190476
X	100743037	C	T	9	8	17	0.470588235294118
X	103495007	G	C	8	8	16	0.5
X	106083331	A	G	94	92	188	0.48936170212766
X	117528056	G	A	88	88	178	0.49438202247191
X	117700141	A	G	81	79	160	0.49375
X	117722176	G	A	67	64	131	0.488549618320611
X	118148229	A	G	24	24	49	0.489795918367347
X	118604436	T	C	9	8	17	0.470588235294118
X	129215254	G	A	91	86	177	0.485875706214689
X	129349295	T	G	48	47	95	0.494736842105263
X	130408745	G	A	11	11	22	0.5
X	131189505	C	T	67	65	133	0.488721804511278
X	132438872	C	A	113	116	231	0.502164502164502
X	135310785	T	C	85	80	165	0.484848484848485
X	151138179	A	C	96	94	190	0.494736842105263
X	152018832	T	G	9	7	16	0.4375
X	152482198	G	A	61	60	122	0.491803278688525
X	152613112	C	T	9	8	17	0.470588235294118
X	152721198	A	G	111	103	214	0.481308411214953
X	153208488	T	C	5	5	10	0.5
X	153421885	C	T	83	84	170	0.494117647058824
X	153764217	C	T	67	66	133	0.496240601503759
X	154020114	C	A	15	13	28	0.464285714285714
