chr	start	end	variant	p.value	cells	snps	qual	sd
1	1	6000001	del	4.34014304685154e-24	0.949663638466133	14	2.30407152300067e+23	0.00498586700172954
1	914334	6914334	del	9.95977334131808e-27	0.94484062468052	16	1.00403891306593e+26	0.00525108188071302
1	1114669	7114669	del	4.22891761356512e-25	0.944613978303141	15	2.3646712737848e+24	0.00538632329886562
1	1116183	7116183	del	3.04704183010737e-23	0.943595432270557	14	3.28187158482417e+22	0.00575556313326163
1	1178483	7178483	del	1.44046215446703e-21	0.941747986808621	13	6.94221640533136e+20	0.00597897267584309
1	1262277	7262277	del	5.68052820835359e-20	0.9449365225857	12	17603996729202640896	0.006161862676701
1	1423268	7423268	del	5.19540505734994e-18	0.944383670254132	11	192477773910101536	0.00688349617124431
1	1551928	7551928	del	1.22082961305684e-16	0.942559095158429	10	8191151240967182	0.00672702229267937
1	1861583	7861583	del	4.29281302937784e-15	0.943151353258389	9	232947485286805	0.00684278534514808
1	1891478	7891478	del	3.28628983444332e-15	0.944287146768493	9	304294523726753	0.0066259136468017
1	1960675	7960675	del	9.37362968876363e-16	0.940026683957974	9	1066822600426302	0.0056384715753988
1	2541270	8541270	del	4.46570547417318e-14	0.939580917633571	8	22392878477619.4	0.00579246438286547
1	3388270	9388270	del	5.73514388855666e-17	0.936304665630218	10	17436354160098790	0.00614413474871454
1	3677934	9677934	del	5.42262490820628e-17	0.938375111732787	10	18441253395318936	0.00611948981979795
1	3745925	9745925	del	5.42859466202343e-15	0.939074695852069	9	184209737926402	0.00701616537295712
1	6473295	12473295	del	2.09674236714732e-18	0.941187991329036	11	476930316126788352	0.00626486908141138
1	6525258	12525258	del	8.03766129787856e-17	0.942361789343522	10	12441429950076866	0.00642028690728972
1	6711147	12711147	del	6.13822872126049e-15	0.942155529671877	9	162913447088796	0.00714816318711224
1	7870049	13870049	del	1.40700799818614e-16	0.942085359579709	10	7107280138344365	0.00683056281735425
1	7913030	13913030	del	5.78231449104416e-16	0.94082114661955	10	1729411296374201	0.00798193783479564
1	9009353	15009353	del	7.70963083581747e-15	0.938057517964907	9	129707896693859	0.00732285470443062
1	9017205	15017205	del	5.23973882005885e-13	0.939620063955875	8	1908492072489.92	0.00823584415291216
1	9034422	15034422	del	2.66746297245122e-11	0.942053609812041	7	37488805292.8084	0.00906049269732318
1	9640254	15640254	del	9.29178625814105e-13	0.927394874038059	8	1076219332019.01	0.00882227021787338
1	10521650	16521650	del	2.07756495096839e-12	0.929294038698076	8	481332725378.276	0.00991796611962747
1	11097868	17097868	del	7.80587959200186e-11	0.928940581980816	7	12810856076.0357	0.0106863671485927
1	11141188	17141188	del	5.90333936602497e-09	0.931844483850405	6	169395648.462161	0.0134369785529174
1	12779619	18779619	del	1.36788969028953e-12	0.942192446015079	8	731053101064.265	0.00947245805128392
1	12918964	18918964	del	8.86583616804617e-11	0.943962189052956	7	11279251962.7664	0.0110922488281956
1	13910418	19910418	del	1.35858001669001e-13	0.946051938419777	9	7360626446106.29	0.0105735867578796
1	15438991	21438991	del	5.13281926644232e-16	0.944051952940225	11	1948247051163220	0.010896560798248
1	15490866	21490866	del	6.80681558933564e-15	0.950686924300445	10	146911575152222	0.0106099806574902
1	16044402	22044402	del	2.45435183168159e-15	0.94773872197758	10	407439547619729	0.00944273503698035
1	17396704	23396704	del	1.61984470763831e-13	0.945949171983692	9	6173431288101.52	0.0108076794018519
1	17674538	23674538	del	6.7326519862702e-12	0.943114153833374	8	148529881247.283	0.011908101961717
1	17952478	23952478	del	4.78259564089467e-10	0.942298946426708	7	2090914798.33518	0.014667734794971
1	19415440	25415440	del	1.01373265153125e-20	0.943486390208216	13	98645337948767092736	0.00704828501760238
1	19595138	25595138	del	1.00106457173462e-21	0.945256962806124	14	9.98936560373152e+20	0.00754365627729794
1	19652064	25652064	del	5.79171087008749e-20	0.943198246275054	13	17266055271590135808	0.00814835493517386
1	20411333	26411333	del	6.49379214521762e-20	0.940132522212625	13	15399322578201915392	0.00819974725382937
1	21024902	27024902	del	9.22482416783926e-22	0.937737793266258	14	1.08403150217901e+21	0.00743669983568252
1	21044162	27044162	del	1.590352983262e-20	0.938872192472304	13	62879122466817458176	0.00728219537462254
1	21573723	27573723	del	1.44250332830445e-19	0.936929005015258	13	6932393016905029632	0.00873432063751439
1	24201110	30201110	del	5.40327541678124e-18	0.936499241895566	12	185072927597628320	0.00924230487479391
1	24413160	30413160	del	2.31506148214682e-16	0.934319140823312	11	4319539708607104	0.00995796100902976
1	24417420	30417420	del	1.0356368756907e-14	0.934401642600179	10	96558941021974.4	0.01092656860305
1	24421951	30421951	del	5.20206812516588e-13	0.933881754613724	9	1922312387956.5	0.0123470582740182
1	24426250	30426250	del	1.63888820542865e-11	0.939341438401761	8	61016974598.2429	0.013469728503976
1	24465114	30465114	del	8.05574962995283e-10	0.94125848581563	7	1241349403.76226	0.0159836536868487
1	24710406	30710406	del	1.33180362745699e-08	0.928868232027259	6	75086144.7876852	0.0157635931154869
1	25554720	31554720	del	3.57723467663215e-07	0.93000914335516	5	2795455.4017168	0.0172919444210681
1	25570082	31570082	del	5.82150464890401e-06	0.9173194961337	4	171776.896233909	0.0159787763352661
1	26357668	32357668	del	6.09861919777682e-10	0.940024682496719	7	1639715429.95263	0.0152381257648964
1	26596081	32596081	del	4.83950455069974e-08	0.944511910987326	6	20663272.2321836	0.0207568657650302
1	26887593	32887593	del	1.00841915769525e-06	0.950123430395755	5	991651.132734831	0.0228997102330915
1	27339104	33339104	del	1.13644128553059e-07	0.950209680878825	5	8799398.72593691	0.0132607108547214
1	31733927	37733927	del	4.50142861843482e-14	0.950415677137106	9	22215169555386.8	0.00925138957043062
1	31840292	37840292	del	1.85454628038685e-12	0.951411729133307	8	539215446158.295	0.00999051281649055
1	31898235	37898235	del	4.8885471352487e-11	0.943849757493295	7	20455975412.1942	0.0100426785547384
1	32193648	38193648	del	6.12961339391029e-11	0.941368386559304	7	16314242607.7555	0.0104014038322145
1	33087438	39087438	del	4.21055164176368e-12	0.946906972394733	8	237498571465.36	0.0111798903087462
1	34270499	40270499	del	1.70564477355492e-07	0.917407654572917	9	5862885.49353562	0.0602070205942078
1	34401454	40401454	del	1.01578986321432e-06	0.918245254281362	8	984455.581034888	0.0646257595678011
1	35900616	41900616	del	1.12785940452961e-05	0.905427100424025	7	88663.5334141728	0.0768348956189946
1	36202586	42202586	del	9.1339261575644e-05	0.906389705616238	6	10948.1944866812	0.0919028546193329
1	36888463	42888463	del	0.000848074577606609	0.889423191594844	5	1179.14158306944	0.118687623930423
1	38019748	44019748	del	0.000492673949386232	0.897014456263845	5	2029.73995529049	0.10377844853691
1	38348507	44348507	del	0.00380296661762881	0.867017070681418	4	262.952610565777	0.134718370383045
1	38449911	44449911	del	0.0265318789733895	0.834175870273079	3	37.6905081243196	0.200215065274031
1	39914364	45914364	del	0.00428550284980171	0.925909292989215	2	233.344845412078	0.0124665517783143
1	43108189	49108189	del	6.18373142849752e-06	0.948502378351487	4	161714.655877766	0.0168580084564084
1	46660296	52660296	del	1.94515802096975e-06	0.968535186951341	4	514097.04981267	0.0117047698929274
1	46870762	52870762	del	3.69497869091553e-06	0.954088463114284	4	270637.555355488	0.0142811254815851
1	47131320	53131320	del	3.29982223833036e-05	0.940567228349598	3	30304.6627295287	0.00764137671041988
1	47280928	53280928	del	0.00344297588489234	0.939985952634109	2	290.446414216249	0.0101676866656552
1	52520742	58520742	del	1.93905917216844e-14	0.923128308198545	10	51571401964062	0.0115747986477694
1	52854962	58854962	del	1.06379677967452e-12	0.921784906983883	9	940029166384.541	0.013328769249461
1	53442377	59442377	del	1.68036801013826e-11	0.918653582788495	8	59510773471.4445	0.0132202555397361
1	53532536	59532536	del	3.47808898471674e-10	0.915590577244929	7	2875142080.59125	0.0135143141935639
1	53537267	59537267	del	1.9119720368715e-08	0.91140911909689	6	52302020.1506852	0.0166289356635612
1	53553703	59553703	del	1.66453219505582e-07	0.944666433419035	5	6007693.95131144	0.0145041330436154
1	53558271	59558271	del	3.0960674258204e-06	0.951062044792485	4	322990.381817999	0.0134205139421462
1	53712728	59712728	del	0.000140996616596952	0.948987093375806	3	7092.36876838376	0.0159393833427573
1	54060017	60060017	del	0.00570146057594894	0.944147922161686	2	175.393653376891	0.0169130716261726
1	54686375	60686375	del	0.00373133517024982	0.92956016764178	2	268.000582733244	0.0108971149756691
1	60503763	66503763	del	1.40393101586778e-12	0.94210559929244	8	712285709694.853	0.00950686230282424
1	62380299	68380299	del	1.0767188387889e-13	0.930453542778919	9	9287475652648.65	0.0101010880122921
1	62456015	68456015	del	2.74398344889758e-12	0.931257688495017	8	364433685050.746	0.0103422029343622
1	63999869	69999869	del	1.75957564522669e-11	0.939370311230024	8	56831884591.763	0.0136077481042798
1	64021097	70021097	del	7.46444175310934e-10	0.939491934914892	7	1339684912.91857	0.0157519332048789
1	64676453	70676453	del	2.27998224383286e-08	0.946947933966436	6	43859990.6953182	0.0178973926860774
1	65310490	71310490	del	7.64886916186897e-07	0.94478526853786	5	1307382.8023954	0.0212479900959691
1	65860688	71860688	del	2.28823592931475e-05	0.937619352761186	4	43701.78735457	0.0257893518766198
1	66067110	72067110	del	0.000532102132377031	0.939959305218791	3	1879.33845619591	0.0306879867487785
1	67288046	73288046	del	0.015869572123238	0.953093891080556	2	63.0136712089225	0.0475566015042688
1	75190453	81190453	del	1.74415899070595e-09	0.943321817759933	6	573342227.015239	0.0106571496079178
1	75672377	81672377	del	1.26668229262681e-07	0.943054021907454	5	7894639.45158838	0.0135229660807263
1	75716926	81716926	del	5.64207984799676e-07	0.948377725293151	4	1772396.04355308	0.00758602342946905
1	76257893	82257893	del	4.53634437377608e-05	0.947782136943855	3	22044.1817817194	0.00902830200920457
1	76344712	82344712	del	0.00366827481636131	0.952742346036424	2	272.607710725429	0.0109801034523573
1	85029086	91029086	del	0.000604732656865142	0.94019894004994	3	1653.62328071362	0.0327273387981473
1	86852622	92852622	del	6.94626010847147e-08	0.948157570149163	5	14396236.0231865	0.0116989834899484
1	87043734	93043734	del	2.40247555302551e-07	0.94157978107877	5	4162373.26011776	0.0158469785781843
1	89637579	95637579	del	5.7902714819901e-11	0.932482915064425	7	17270347394.0794	0.0102058282466384
1	91782032	97782032	del	4.03668522155529e-09	0.927387718000142	6	247728010.759955	0.0123930346485051
1	92445258	98445258	del	1.27516940685795e-07	0.929956357688744	5	7842095.29041342	0.0133574482118525
1	92554284	98554284	del	4.13241165959597e-06	0.933060264038199	4	241989.44402789	0.0144973872804261
1	92946480	98946480	del	2.12414192774185e-05	0.938130668056151	3	47077.8334978345	0.00611482362699544
1	93672724	99672724	del	0.000184783008858444	0.931897922030448	3	5411.75298626113	0.0179198660805624
1	94341268	100341268	del	0.000359788652519124	0.921302753826831	3	2779.40950332459	0.0247272362289757
1	94639448	100639448	del	0.00039666644663478	0.93198320857678	3	2521.00980177112	0.0262660243920827
1	99418648	105418648	del	0.000101696969012785	0.925348053675228	3	9833.134750302	0.0131989801538022
1	100203649	106203649	del	0.00558639208757717	0.923202614267002	2	179.006411351571	0.0162040249873474
1	103548498	109548498	del	0.00631113960857901	0.950560703602425	2	158.449988753324	0.0188492654422701
1	108307728	114307728	del	0.000239656984312228	0.845149158326214	7	4172.63032358442	0.123529325721551
1	109338862	115338862	del	0.00207874158166425	0.749783528177805	7	481.060276477172	0.167070172125308
5	137708435	143708435	del	1.23145354586661e-20	0.941758667426284	13	81204849615035351040	0.00715044566010743
5	138463539	144463539	del	6.84276393200748e-19	0.941410545815701	12	1461397777179531008	0.00769840109013963
5	139197091	145197091	del	1.75608436437601e-17	0.942140976953045	11	56944872369803936	0.0077570798779759
5	139745155	145745155	del	1.3474246951874e-17	0.94176300350114	11	74215650312162304	0.00755114737352415
5	139938238	145938238	del	9.66753951780196e-18	0.948410822118951	10	103438935849042464	0.00510623485956781
5	140182102	146182102	del	1.02704736505742e-15	0.949793568874781	9	973664929215892	0.00576251505398594
5	140188290	146188290	del	5.72151655092482e-14	0.953473852608045	8	17477883548870.6	0.00608998439401587
5	140222642	146222642	del	4.53246041288176e-12	0.955135065726179	7	220630719058.877	0.00683596584191626
5	140228165	146228165	del	3.56539101805297e-10	0.954252588624244	6	2804741457.35099	0.00784680614281633
5	140229582	146229582	del	2.90288707469863e-08	0.949790438897311	5	34448463.6938148	0.00942163393537155
5	140559850	146559850	del	1.75620405640389e-06	0.955767242138347	4	569409.913588093	0.0111635237851272
5	140896473	146896473	del	0.000103468677708341	0.9555756215847	3	9664.76060338581	0.0137483924575973
5	141014495	147014495	del	0.00604187094290868	0.957884654238214	2	165.511645225341	0.0181838857179527
5	145519822	151519822	del	1.06008276145141e-18	0.954665318352567	11	943322574768455808	0.00593546834295672
5	147286055	153286055	del	7.76432378084838e-17	0.955305284915013	10	12879421675672750	0.00648348863744461
5	147480956	153480956	del	6.25683933933868e-17	0.956556165549318	10	15982510430029604	0.00633806518362662
5	147488368	153488368	del	5.57959300139245e-15	0.956571680984412	9	179224541960397	0.00717145350438788
5	147499617	153499617	del	3.05998132727619e-13	0.953173132103083	8	3267993798152.15	0.00773646778003947
5	148042231	154042231	del	8.45991490992797e-12	0.947831630550776	7	118204498585.023	0.00752751780867848
5	148383346	154383346	del	6.98348953093727e-10	0.947725432278061	6	1431948878.23622	0.00891506658453275
5	148578637	154578637	del	5.54213050225481e-08	0.944597298588134	5	18043602.5386474	0.0110149865808643
5	149583337	155583337	del	2.38160907670949e-06	0.948515470843389	4	419884.190810036	0.0122633207864976
5	149826527	155826527	del	0.000101699335228476	0.935276430683096	3	9832.90596495462	0.0133407517904606
5	149907819	155907819	del	0.00344205541879666	0.931252044741549	2	290.524084690536	0.010070520053623
5	153413391	159413391	del	0.00164445755168276	0.959710263716596	2	608.103261149371	0.00495811440322679
5	156898691	162898691	del	0.00355157339839761	0.948452220503044	2	281.565348037345	0.0105828867176352
5	167858372	173858372	del	0.00171981146828561	0.936722520336551	2	581.459083417353	0.00506111144851668
5	177675218	183675218	del	3.94815694147545e-05	0.942043625208319	3	25328.2737951722	0.00837160903273364
5	178581860	184581860	del	0.00385819037824195	0.947714794017401	2	259.188868864389	0.0114876833310959
11	1	6000001	del	1.34781818521594e-24	0.456489940056372	22	7.41939833553872e+23	0.00819920208517291
11	557585	6557585	del	3.37356036909694e-23	0.454424564427787	21	2.96422737580264e+22	0.00866170733309675
11	720198	6720198	del	3.68370827364299e-22	0.454810687198228	20	2.71465579170593e+21	0.00884711973972617
11	870468	6870468	del	3.9110259281341e-21	0.458343750761108	19	2.55687386986229e+20	0.00909126823714392
11	1081113	7081113	del	4.10665354642832e-20	0.458871545207048	18	24350727147892240384	0.00928004439345863
11	1101650	7101650	del	6.90397280235263e-20	0.465447326238991	17	14484413954516678656	0.00855768330544073
11	1248088	7248088	del	7.67810625279742e-19	0.464393747292022	16	1302404482401716480	0.00868061704815058
11	1250489	7250489	del	7.20909149598828e-18	0.465220932910024	15	138713733978335664	0.0087327890383835
11	1255774	7255774	del	1.9752935989642e-16	0.466857364823529	14	5062538553885760	0.00953819141611623
11	1273647	7273647	del	1.35162864614665e-15	0.468492772423833	13	739848184522348	0.00937475922192535
11	2181074	8181074	del	7.39704027346804e-17	0.470378379436931	14	13518920582152756	0.00890761982012496
11	2330597	8330597	del	2.18261358949279e-15	0.473201879191027	13	458166303377771	0.00985660886363185
11	2417894	8417894	del	3.25072842994246e-14	0.472923939791706	12	30762335936431.9	0.0103150327548842
11	2438964	8438964	del	5.75157061575323e-13	0.467449059613809	11	1738655520043.61	0.0109090536000806
11	2929553	8929553	del	4.8599706044175e-14	0.468141983361534	12	20576256142188.2	0.0105928787136114
11	3038364	9038364	del	6.72817038901803e-13	0.467542920796728	11	1486288161834.07	0.0110845956521566
11	4103525	10103525	del	7.66687274084885e-13	0.470374535653723	10	1304312767149.55	0.00888169714522084
11	4880893	10880893	del	6.95802693801444e-12	0.471526800928733	9	143718903204.672	0.00862613402214524
11	5475598	11475598	del	3.7620145621991e-10	0.470648892562596	8	2658150263.55307	0.0105692738632716
11	5663707	11663707	del	2.87668249421098e-09	0.480957814674966	7	347622652.834435	0.0101013379742919
11	5700341	11700341	del	4.53401948724462e-08	0.470518575951222	6	22055485.2667321	0.0102060111881162
11	5757786	11757786	del	1.02833547147807e-06	0.471670833171546	5	972445.30382936	0.0114239565658502
11	5877980	11877980	del	1.7124365258225e-05	0.474505277928344	4	58396.3250561763	0.0118474138081386
11	7686675	13686675	del	3.18798251857355e-05	0.475668611763995	4	31367.8006128919	0.0146157443029125
11	8061220	14061220	del	0.000401990878983968	0.497040931996692	3	2487.61863086919	0.0141018876040848
11	8671370	14671370	del	0.0128047546869602	0.495934187330248	2	78.0959904697239	0.0199608731737322
11	11913586	17913586	del	0.00138910740871272	0.444126574080638	4	719.886737143456	0.0486506127872655
11	16837789	22837789	del	2.54769767516309e-10	0.468471887255557	9	3925112503.5312	0.0134652992240729
11	17496517	23496517	del	3.23982545770372e-09	0.469698916993385	8	308658603.080663	0.0143659131413894
11	17593710	23593710	del	4.63633425429011e-09	0.473978984584154	7	215687641.389246	0.0107811440803232
11	17632676	23632676	del	4.5771994511195e-08	0.475513681989558	6	21847420.2550954	0.0103339709740843
11	18159255	24159255	del	9.82483719167306e-07	0.473668647483571	5	1017828.57109077	0.0113420152349284
11	18231290	24231290	del	3.7860274340459e-05	0.470064003843181	4	26412.9095052901	0.0152975700883929
11	18291322	24291322	del	0.000984632327243755	0.462801642628446	3	1015.60752407882	0.0205678597947828
11	18729368	24729368	del	0.00827284350408407	0.495833739981532	2	120.877422558076	0.0128895738150889
11	26568967	32568967	del	0.0145210184379004	0.456657320832483	2	68.8656931520701	0.0208467707747205
11	31327317	37327317	del	0.0052083538193764	0.483486334953638	2	191.999244805479	0.00791176386360236
11	43940645	49940645	del	8.67194067367812e-05	0.442273212172369	4	11531.4442018185	0.0189906951068541
11	45203849	51203849	del	0.00120503524464716	0.443896892871357	3	829.851246627071	0.0218314757243271
11	46890198	52890198	del	0.0134257815674134	0.462920653599019	2	74.4835594843256	0.0195368099931433
11	55595082	61595082	del	4.67283077381521e-10	0.475412950620053	7	2140030419.25598	0.00737161458285076
11	55978957	61978957	del	3.95729852341222e-11	0.48839766146171	8	25269764059.5923	0.00794476945898695
11	57155289	63155289	del	2.88219895174351e-12	0.491505695302488	9	346957311671.728	0.00805173880089867
11	58190579	64190579	del	8.35720609554742e-11	0.488500234682704	9	11965721421.3346	0.0122059796542025
11	60050126	66050126	del	4.03716716613305e-13	0.477299566836164	11	2476984377532.82	0.0107497609620944
11	60198329	66198329	del	6.38193788346215e-12	0.476995341667508	10	156692217671.274	0.0114079306843286
11	60501103	66501103	del	2.19615285632034e-10	0.475226765216533	9	4553417113.57697	0.013406816431259
11	60695302	66695302	del	2.23022435075706e-09	0.476630219085475	8	448385383.13894	0.0138165583265436
11	61722646	67722646	del	2.86411171185637e-12	0.461187544871139	10	349148392452.839	0.0100865390107467
11	61913197	67913197	del	3.68322916879457e-11	0.459364533517422	9	27150089070.5445	0.0103563240104925
11	62656047	68656047	del	5.93373410503652e-10	0.458805939568544	8	1685279424.89234	0.0109987769955499
11	62951222	68951222	del	7.50087814424358e-11	0.45346377756724	8	13331772370.7781	0.00808342329895933
11	64009880	70009880	del	7.49468477605131e-12	0.458192864588515	8	133427893217.794	0.00587470092679292
11	64521155	70521155	del	1.48743586357338e-10	0.459061763153799	7	6722978949.81251	0.00588056220053093
11	64591973	70591973	del	8.54906656824996e-09	0.460631394602623	6	116971834.529147	0.0071533059678765
11	65161130	71161130	del	2.71962934102902e-07	0.455208094709336	5	3676971.65534195	0.00790269316813124
11	67034267	73034267	del	1.43639921970812e-07	0.460155784957231	6	6961852.84898166	0.0125776406051482
11	67135027	73135027	del	2.10476121297591e-06	0.457900205919576	5	475113.278330563	0.0132708345403283
11	67379017	73379017	del	1.89083194400274e-05	0.462806700276194	4	52886.7731038582	0.0119440188879436
11	68671478	74671478	del	5.51447332548603e-08	0.490216257708462	6	18134098.0539037	0.0110587685039306
11	69462911	75462911	del	2.87516437639457e-09	0.478660536102105	7	347806201.346301	0.010052202813625
11	71192440	77192440	del	4.37790234127593e-12	0.468503378533763	10	228419896572.784	0.0107432695449367
11	71733434	77733434	del	3.99127653006968e-13	0.46917575574021	11	2505464085152.08	0.010554666921881
11	73717255	79717255	del	1.02741928031427e-13	0.462803146148014	11	9733124724836.01	0.00908509815291166
11	73806444	79806444	del	1.32391519309116e-12	0.461766989559137	10	755335390981.605	0.00926652720304131
11	74563078	80563078	del	5.06941809452519e-11	0.458539343042121	9	19726129929.5864	0.0107604886643067
11	74883578	80883578	del	1.85903842993267e-09	0.459504642286836	8	537912494.921484	0.012976464591447
11	74907722	80907722	del	8.0138752671023e-08	0.458309437705774	7	12478357.4322038	0.0167988381516146
11	75511470	81511470	del	7.83473498346171e-07	0.461125853175024	6	1276367.35908859	0.0177230881945246
11	75848347	81848347	del	2.7679187124068e-05	0.466490652077446	5	36128.2286043172	0.0258409866355031
11	76928150	82928150	del	0.000252915323760948	0.47112983541395	4	3953.89249306691	0.0289697961780916
11	76954813	82954813	del	0.000825536424541517	0.486146597383327	3	1211.33358901199	0.0197782870513316
11	77409569	83409569	del	0.00017451769760652	0.485608345350643	3	5730.0778873136	0.00907474829906524
11	77583267	83583267	del	0.00521785276825083	0.483780382344678	2	191.649715776712	0.00793101641507071
11	82973005	88973005	del	0.00341886606692274	0.493339968083216	2	292.494640160058	0.00529901272835779
11	85447612	91447612	del	0.00799090720600592	0.480565302727782	2	125.142236572139	0.0120667306416063
11	89017962	95017962	del	1.05464034106743e-08	0.463771552731179	6	94819054.5212665	0.00751128378699318
11	93402097	99402097	del	3.32674857166942e-08	0.458680491213466	6	30059380.1562281	0.00935073758614998
11	93458944	99458944	del	9.30197177722568e-07	0.45621349209901	5	1075040.88804949	0.0107754380620674
11	93460161	99460161	del	1.46580539203641e-05	0.458391824842225	4	68221.8803009535	0.0108661242474428
11	93837700	99837700	del	0.000167294814407548	0.454731552099361	3	5977.47158835356	0.00831994261712653
11	93862494	99862494	del	0.0112336077202004	0.454671178000082	2	89.0185971334739	0.0160526562686491
11	95564260	101564260	del	0.000390095609975257	0.46328784117704	3	2563.47411872548	0.0129480888839177
11	100665889	106665889	del	6.38931255713557e-13	0.464766442662341	9	1565113603470.85	0.00630493399102759
11	100814571	106814571	del	2.04668553243892e-11	0.462161895752831	8	48859484476.2673	0.00684122186639167
11	100847070	106847070	del	8.00410896513803e-10	0.459452866412131	7	1249358303.7856	0.00779366839651071
11	102318969	108318969	del	3.87103110662773e-12	0.460570263114382	9	258329104689.41	0.00782892191757333
11	102565732	108565732	del	1.56817194418452e-10	0.4622973104351	8	6376851745.80787	0.00915860440431827
11	102576376	108576376	del	5.21727032056444e-09	0.459455245309653	7	191671111.243439	0.0106590232817502
11	102595580	108595580	del	1.33335678512975e-07	0.454384463536393	6	7499868.0859654	0.0122357789564307
11	103052559	109052559	del	3.84059643714848e-06	0.458050873366875	5	260376.224465403	0.0154366608648588
11	103780456	109780456	del	2.22134670587315e-05	0.463811175632396	4	45017.7361938161	0.0126314305243875
11	103908736	109908736	del	0.000633895234092175	0.474692603673011	3	1577.5477495617	0.0169180170180146
11	107260892	113260892	del	2.76643826741407e-07	0.482852475076817	6	3614756.24371965	0.0150538065904774
11	107286944	113286944	del	7.99290872725209e-06	0.486241764377102	5	125110.899438957	0.0196984645039408
11	107992347	113992347	del	0.000108848029789105	0.484245682724461	4	9187.12081364743	0.0224375031673951
11	110495003	116495003	del	0.00349435701343788	0.487833291311376	3	286.17568157873	0.0409973481793718
11	111325008	117325008	del	7.9452319499051e-06	0.489859579177981	5	125861.649641575	0.0198152067008657
11	111795086	117795086	del	3.08983551337998e-05	0.496084765107362	4	32364.1823543577	0.0150846531376217
11	112020917	118020917	del	0.000780580278381512	0.48622855610903	3	1281.09821333616	0.019234159473242
11	116633948	122633948	del	1.11223369428536e-07	0.591753930750014	11	8990916.25382315	0.0479065250448265
11	116693465	122693465	del	4.85145103773808e-07	0.604777518880802	10	2061238.9823607	0.0517869322423664
11	117063710	123063710	del	1.91408673487347e-06	0.60695583331154	9	522442.364695718	0.054593601228918
11	118178008	124178008	del	2.05549021608442e-06	0.606144059112798	9	486501.950811977	0.0550371622826267
11	118509669	124509669	del	8.75411925465446e-06	0.620293314400686	8	114231.937092736	0.0601747995238899
11	118529704	124529704	del	3.77746762765182e-05	0.63524153985452	7	26472.7616109745	0.0665617385353836
11	118530612	124530612	del	0.000120931272807215	0.666028728634439	6	8269.15963742623	0.0716169822294897
11	118827656	124827656	del	0.000149945279647316	0.641255909980279	6	6669.0995698703	0.0721432276618688
11	119181171	125181171	del	0.000135300619068628	0.645125336503025	6	7390.94918326113	0.0710249617280561
11	119290035	125290035	del	0.000588936597993446	0.64810452070519	5	1697.97564526823	0.0785651468712225
11	119999192	125999192	del	1.07300431436866e-06	0.479081836618151	5	931962.701928545	0.0117277044277914
11	120280116	126280116	del	3.47739691052228e-09	0.473788751234923	7	287571429.356854	0.0102710898079673
11	124056788	130056788	del	1.52336912761499e-09	0.47053654743982	7	656439717.644544	0.00888699286301782
11	124766129	130766129	del	2.59813209772639e-10	0.469263715155051	8	3848919001.75166	0.00999381085461425
11	124862515	130862515	del	9.61540798589944e-09	0.46893116320571	7	103999747.225126	0.012049694770171
11	125322255	131322255	del	8.33121425498076e-08	0.457535341173362	6	12003052.2489823	0.0112116501254402
11	126201404	132201404	del	1.85858171816174e-07	0.451837831653182	6	5380446.76878167	0.0130056976211641
11	126228404	132228404	del	2.78959133558901e-06	0.454141197903817	5	358475.446651347	0.014125202043815
11	126277217	132277217	del	5.45130614763862e-05	0.455057651708664	4	18344.2274735052	0.0167284601139365
11	128868240	134868240	del	0.00144503485761821	0.470047137844275	3	692.024828832333	0.0253243623189107
11	130066262	136066262	del	0.0340872119573931	0.417343253439929	2	29.3365148563613	0.0448641404740087
15	58476282	64476282	del	0.0328267443748058	0.35074881647077	4	30.4629660676156	0.123508666016988
15	59963489	65963489	del	0.00281975657905605	0.471709533900418	2	354.640541466442	0.00417876073956668
15	62202483	68202483	del	0.000162416780473018	0.474968927559501	3	6156.99927733838	0.00856251747178182
15	63929324	69929324	del	0.00067915669830691	0.468660117952339	3	1472.41424916066	0.0172902300390725
15	66411442	72411442	del	0.000610121539017628	0.456729214238856	3	1639.01769737571	0.0159690731352841
15	67528375	73528375	del	0.000860759588886988	0.44503510072979	3	1161.76457736946	0.0184889180286784
15	68613788	74613788	del	0.018472826248307	0.448093799977639	2	54.1335682238472	0.0260339518955476
15	70970464	76970464	del	0.015239502756677	0.412683668986532	3	65.6189388831511	0.073743843782501
15	73052841	79052841	del	1.59147328511331e-05	0.468942128601148	5	62834.8593315408	0.022592348423696
15	75117913	81117913	del	2.87277088541968e-09	0.46305202335012	8	348095981.157199	0.0139200475426403
15	75336730	81336730	del	4.18616300322705e-09	0.466647593511791	7	238882241.142811	0.0104347478036498
15	77344794	83344794	del	2.32981610922035e-09	0.469647414720316	7	429218424.596885	0.00952243506142469
15	78276661	84276661	del	4.6470680031343e-08	0.463258093970013	6	21518944.834152	0.0100982413176713
15	78789489	84789489	del	1.69786080849929e-06	0.46132788448079	5	588976.431397744	0.0126692243355178
15	80260015	86260015	del	1.60988320427947e-06	0.46338876730192	5	621163.074030311	0.0125572508002916
15	80452173	86452173	del	3.77812831415922e-06	0.477178138782879	4	264681.322826522	0.00719577645716695
15	80472562	86472562	del	3.18092578906681e-05	0.486458073360138	3	31437.3885564105	0.00388023389001894
15	80873643	86873643	del	0.00538057426668834	0.486096833047091	2	185.853767727192	0.00821755578677827
15	83334246	89334246	del	0.00034820006837119	0.516481057058803	2	2871.91212993668	0.000564980287824206
15	85200521	91200521	del	1.34496583094351e-06	0.46323120373901	5	743513.312377973	0.0119999770493388
15	89195527	95195527	del	2.10631953250131e-13	0.452322818673366	11	4747617750154.33	0.00954284572695964
15	89858603	95858603	del	3.21702223053184e-12	0.45322529596478	10	310846468671.955	0.0100417196112347
15	90255285	96255285	del	9.04286635146191e-11	0.451267985910032	9	11058440555.6136	0.0113878684206975
15	90308111	96308111	del	1.52998750667071e-09	0.454300161744794	8	653600108.262339	0.0124757106385728
15	90892413	96892413	del	2.99170972956825e-08	0.444516889199099	7	33425702.7049317	0.0138121129085353
15	91455322	97455322	del	4.22523344626544e-07	0.445323863473601	6	2366733.13490849	0.0151168301271582
15	91543762	97543762	del	6.60501079981472e-06	0.451929018494119	5	151400.206647361	0.0174515728087882
15	91827439	97827439	del	2.51329360801428e-05	0.456868106612999	4	39788.4272976004	0.0129661473937407
15	93536198	99536198	del	8.61323319097583e-06	0.464233072882096	4	116100.421041394	0.00921544856448142
15	94884109	100884109	del	0.000180555084315479	0.453344124490396	4	5538.47599357949	0.0248913681237658
15	94899355	100899355	del	0.00358350389735807	0.447858200611939	3	279.056484558939	0.0381200729617696
15	94945720	100945720	del	0.0470521638394429	0.457635211554198	2	21.2530076918953	0.0681441061234314
20	19867407	25867407	del	6.62974779500644e-08	0.464725098309716	6	15083530.0364398	0.0108780232186402
20	20208985	26208985	del	3.90799780568439e-07	0.476834854116656	5	2558855.070352	0.00906437024049502
20	23424614	29424614	del	8.8452524549368e-06	0.475203950162319	4	113054.998158009	0.00951726417874937
20	24994615	30994615	del	8.87538823214703e-06	0.479909320924767	4	112671.127599574	0.0096224157534203
20	25059547	31059547	del	0.000107335878093619	0.482144273272435	3	9316.54930076401	0.00706536169005644
20	25282945	31282945	del	0.000243648346922537	0.489508316089933	2	4104.27574260509	0.000374691206557367
20	25434140	31434140	del	0.0180272886389941	0.478031970234682	2	55.4714588547132	0.0271020350287076
20	30382316	36382316	del	3.47155766216472e-08	0.468636016958579	9	28805513.182127	0.0250787237242737
21	26969704	32969704	del	7.49506180405883e-06	0.936548043001713	4	133421.181324811	0.0177485122813067
21	31661692	37661692	del	1.85672573085204e-12	0.943919518555318	8	538582507574.291	0.00991350352508
21	31869287	37869287	del	4.66502777139022e-11	0.949072033186921	7	21436099611.9427	0.0100197359377733
21	32090909	38090909	del	2.02595468610711e-09	0.94412163133502	6	493594455.422649	0.0109906960005126
21	32410620	38410620	del	1.30123806708104e-07	0.938942705261114	5	7684988.82178583	0.0135549762424237
21	33694225	39694225	del	3.07183508674783e-09	0.940979835551699	6	325538309.108484	0.0119056755834053
21	33964606	39964606	del	2.05692756376516e-08	0.951349297184221	5	48616199.1125016	0.00865813552925852
21	34399402	40399402	del	1.13929392185311e-06	0.950544326502854	4	877736.623375868	0.00961075086732223
21	37507746	43507746	del	8.16486717570931e-08	0.935063675794741	5	12247596.6660551	0.0120134458007874
21	37510225	43510225	del	5.94701489094906e-06	0.933717542286809	4	168151.588374519	0.0163805546242831
21	38525357	44525357	del	8.24362618257837e-13	0.934975392918688	8	1213058401548.27	0.0087435115753708
21	38525604	44525604	del	3.00933636748317e-11	0.929829257193814	7	33229917758.7895	0.0091245709243648
21	40572305	46572305	del	3.50123821729683e-18	0.949120603374779	12	285613242497981792	0.00900424861791419
21	40574306	46574306	del	1.03902610648767e-16	0.951848163797662	11	9624397248115452	0.00936301618421027
21	43557560	49557560	del	2.70968993065359e-18	0.950046002341615	12	369045915064826496	0.00880528279056206
21	43679514	49679514	del	1.2707435319305e-16	0.948301897145035	11	7869408538171429	0.00951800162345905
21	44189173	50189173	del	5.42048792766107e-15	0.95103772044817	10	184485237001810	0.0103484280200616
21	44270310	50270310	del	6.26176915000169e-14	0.957827723738454	9	15969927604241.5	0.00971654483249548
21	44273859	50273859	del	3.24686093426989e-12	0.960275025043066	8	307989784670.241	0.0109241420653998
21	45219525	51219525	del	2.2890894689326e-10	0.95948578689612	7	4368549213.87716	0.0132074589179502
21	45725716	51725716	del	7.68446904504763e-09	0.950276679471325	6	130132608.269724	0.0144455141195025
21	45959313	51959313	del	2.77321942699597e-07	0.937212667592657	5	3605917.33299384	0.0163502373490322
21	46021608	52021608	del	1.88041789608045e-06	0.94319661985549	4	531796.683111983	0.0112706209381944
21	46328027	52328027	del	0.000139360600443854	0.934435103173253	3	7175.62924395465	0.0156036049797992
21	46354751	52354751	del	0.00734578627377185	0.932821986037928	2	136.132465978557	0.021530992097963
11	1	9000001	dup	2.10762353240724e-35	0.999680561134812	26	4.74468036925855e+34	0.00908595180557537
11	557585	9557585	dup	1.14725281661452e-33	0.998158037529259	25	8.71647456879593e+32	0.00960759798201188
11	720198	9720198	dup	2.40898910506279e-32	0.998414255118613	24	4.15111881535028e+31	0.0098031453185491
11	870468	9870468	dup	1.85180531671906e-31	1.00341517018477	23	5.40013569985723e+30	0.00960805508494441
11	1081113	10081113	dup	3.74376258523564e-30	1.00383298171893	22	2.67110955150768e+29	0.00978197070622119
11	1101650	10101650	dup	3.61429742689412e-31	1.01246871067134	21	2.76678945279645e+30	0.00768702339678243
11	1248088	10248088	dup	4.68213811624693e-30	1.01109176409826	20	2.13577638073089e+29	0.00753230087385933
11	1250489	10250489	dup	9.64059484681725e-29	1.01166216036999	19	1.03728039181124e+28	0.00756037137449037
11	1255774	10255774	dup	6.79464107298422e-27	1.01123724381611	18	1.47174808685045e+26	0.00813976305008748
11	1273647	10273647	dup	1.70869726533982e-25	1.01187498890205	17	5.85241177758381e+24	0.00828560157066601
11	2181074	11181074	dup	8.67375626957815e-24	1.01386162590794	16	1.15290304329549e+23	0.00885125707008483
11	2330597	11330597	dup	6.19534273464766e-22	1.01552956969146	15	1.61411570405535e+21	0.00975060810728369
11	2417894	11417894	dup	1.88495532437805e-20	1.01569041837427	14	53051655233789345792	0.0101614035694487
11	2438964	11438964	dup	7.03601816492761e-19	1.01055386936702	13	1421258411447390976	0.0107521750505455
11	2929553	11929553	dup	1.84183423815478e-17	1.01279686307435	13	54293702401896960	0.0141519945967734
11	3038364	12038364	dup	4.29742071883632e-16	1.01247618725334	12	2326977192660777	0.0148831982099292
11	4103525	13103525	dup	4.2097381866091e-15	1.01416736681579	11	237544463734332	0.0144521310106877
11	4880893	13880893	dup	9.20533887141198e-14	1.0147126608923	10	10863261135400.4	0.015131116087025
11	5475598	14475598	dup	5.95049371905256e-12	1.018606794609	9	168053282166.849	0.0182727826355797
11	5663707	14663707	dup	4.80690790389284e-11	1.03683162059521	8	20803394198.3818	0.0173421563528232
11	5700341	14700341	dup	2.83772622489064e-09	1.02750095078052	7	352394812.166399	0.0215310377863569
11	5757786	14757786	dup	6.2193730434079e-08	1.02568176209869	6	16078791.1099806	0.0237030123873876
11	5877980	14877980	dup	1.32229028151119e-06	1.02837825684857	5	756263.593541006	0.0265268250416809
11	7686675	16686675	dup	3.17245797597033e-05	1.02686297120537	4	31521.3001267303	0.0315007325351698
11	8061220	17061220	dup	2.20671077696697e-05	1.06051869130192	4	45316.3146905213	0.028818473949921
11	8671370	17671370	dup	6.70154919214591e-07	1.03058269116993	6	1492192.2846914	0.0383839578247161
11	8788226	17788226	dup	4.16352473081663e-05	1.01528993293574	5	24018.1112075167	0.0623570979790325
11	11913586	20913586	dup	6.27972808163159e-14	1.02373248245785	10	15924256385002.3	0.0146294078518487
11	16837789	25837789	dup	1.77281759950023e-12	1.02104488979786	9	564073822530.815	0.0157389401389351
11	17496517	26496517	dup	2.67913739854734e-11	1.02407006085228	8	37325446636.0035	0.0157543013997472
11	17593710	26593710	dup	8.0875381451084e-13	1.02566405128322	8	1236470211401.51	0.00956542357664876
11	17632676	26632676	dup	2.46422715967017e-11	1.0264111907035	7	40580674394.2327	0.00974223383247301
11	18159255	27159255	dup	1.27648734978949e-10	1.01809647273656	7	7833998512.91058	0.0127132642661934
11	18231290	27231290	dup	7.13813936938368e-09	1.01395507813223	6	140092529.474714	0.0151876166765293
11	18291322	27291322	dup	3.53136851981004e-07	1.01161738556058	5	2831763.36423193	0.0187486581413518
11	18729368	27729368	dup	1.59355300557061e-05	1.01655188829942	4	62752.8545648799	0.0247788336783114
11	20404614	29404614	dup	0.000350958019581624	1.00020074716535	3	2849.34363714526	0.0265129760915139
11	20673868	29673868	dup	0.00786221187348218	0.993290352589963	2	127.190670525278	0.0245391301722033
11	26568967	35568967	dup	7.11295882223928e-06	1.00368785365966	4	140588.470282355	0.0186917159690703
11	26734210	35734210	dup	1.60850564292001e-05	1.0311230563111	3	62169.5052424339	0.0058485373651585
11	31327317	40327317	dup	0.00257408088580726	1.03003368806233	2	388.488180582712	0.0083297690100255
11	43940645	52940645	dup	6.35209205528105e-06	0.987277108511418	4	157428.448973533	0.0177051090601591
11	45203849	54203849	dup	0.000203810183122347	0.98870786376377	3	4906.52618372704	0.0199677314822694
11	46890198	55890198	dup	9.78311565992897e-05	1.00312614086746	3	10221.6925032987	0.014033722298741
11	47298361	56298361	dup	3.13091618261812e-05	1.00993795592142	3	31939.5327652555	0.00799219017978095
11	47444463	56444463	dup	0.00230681839919652	0.998580994309408	2	433.497496096055	0.00723692677846544
11	55595082	64595082	dup	5.55795164662374e-21	1.00849805493446	14	1.7992240011794e+20	0.00918381868908356
11	55978957	64978957	dup	3.57287704347348e-19	1.00960614297974	13	2798864858298676224	0.0101515848925762
11	57155289	66155289	dup	3.62465006512398e-19	1.00878586688253	13	2758887015389151232	0.0101555187089572
11	58190579	67190579	dup	3.60750315570446e-20	1.00456250165954	14	27720003471617855488	0.0105653053175342
11	60050126	69050126	dup	2.2760806385662e-21	1.00276267638337	15	4.39351744861703e+20	0.0105671250524114
11	60198329	69198329	dup	6.27741732822771e-20	1.00313773244802	14	15930118195317241856	0.0110102529020802
11	60501103	69501103	dup	1.62792108379412e-19	1.00295341424948	14	6142803910797355008	0.0118468367079717
11	60695302	69695302	dup	3.98815664929451e-18	1.00322813680652	13	250742407567389728	0.0123371691056454
11	61722646	70722646	dup	4.46150359386396e-18	0.991084355897927	12	224139682723853472	0.00961202055834739
11	61913197	70913197	dup	1.15212727946693e-16	0.989431327262144	11	8679596584699225	0.0098338861450314
11	62656047	71656047	dup	1.78739353399592e-16	0.990923961486451	11	5594738824887595	0.0102912913098974
11	62951222	71951222	dup	7.84888196116383e-17	0.983559108129794	11	12740668097035828	0.00940710928632744
11	64009880	73009880	dup	1.64470857555143e-15	0.987101305230933	10	608010449306937	0.00940674704446295
11	64521155	73521155	dup	6.43607768831774e-14	0.987174772162808	9	15537413443829.6	0.0100487059993514
11	64591973	73591973	dup	5.03890572129699e-12	0.988984446662774	8	198455786893.073	0.0119804206789839
11	65161130	74161130	dup	8.49627062836221e-11	1.02893672801212	9	11769869908.1195	0.0257630022686426
11	67034267	76034267	dup	1.11150484574444e-16	1.02729226143603	13	8996811879216244	0.0166805147819008
11	67135027	76135027	dup	2.16853137062904e-15	1.02708978888954	12	461141588055479	0.0174979904815193
11	67379017	76379017	dup	3.04477879332993e-14	1.02878811863308	11	32843108412035	0.0178761728432429
11	68671478	77671478	dup	2.02488977626402e-17	1.0290110923414	14	49385404169753416	0.0176312241372452
11	69462911	78462911	dup	7.48398321912541e-18	1.0316863450585	14	133618685494174800	0.0163700080174206
11	71192440	80192440	dup	1.52293365253151e-16	1.03117384349543	13	6566274232221103	0.0171901301012311
11	71733434	80733434	dup	2.28197262925419e-15	1.03290688790084	12	438217350716790	0.0176790959844776
11	73717255	82717255	dup	1.40589886062704e-15	1.01047225379382	11	711288719271024	0.0129014036424703
11	73806444	82806444	dup	2.50271694250713e-14	1.00876544528211	10	39956576111968.8	0.0130128156323125
11	74563078	83563078	dup	2.51597041877602e-14	1.00518996552564	10	39746095285432	0.0129743149866549
11	74883578	83883578	dup	1.30037233201817e-13	1.01855775504658	9	7690105175092.5	0.0113217536027824
11	74907722	83907722	dup	1.10836748984674e-11	1.02183297086645	8	90222783432.4406	0.0138554104412114
11	75511470	84511470	dup	3.27099244224049e-10	1.02275726248538	7	3057176125.16109	0.0149422746345851
11	75848347	84848347	dup	2.12838461439459e-08	1.02933525001426	6	46983989.3239619	0.0191882433909124
11	76928150	85928150	dup	4.0758367472489e-11	1.03019312969955	7	24534839396.4743	0.0106340145243621
11	76954813	85954813	dup	3.87584959719453e-10	1.03286948286854	6	2580079476.57162	0.00863632763074166
11	77409569	86409569	dup	1.9959749936171e-08	1.03350710568703	5	50100828.0763981	0.00933535794039946
11	77583267	86583267	dup	4.95032157124226e-08	1.03147114500886	4	20200707.8855092	0.00366601766613468
11	78279791	87279791	dup	7.58219608346389e-06	1.02902111120671	3	131887.910704514	0.00400720654265787
11	82973005	91973005	dup	1.34168924944185e-05	1.0246423874769	3	74532.9069615788	0.00530789136959965
11	85447612	94447612	dup	3.83020780103778e-13	1.01736498131719	8	2610824404172.15	0.00852673351966347
11	85725938	94725938	dup	3.79594423604424e-11	1.01608266184659	7	26343906491.1581	0.0103646657560125
11	89017962	98017962	dup	7.30775490930498e-11	1.01531413808709	7	13684093301.0315	0.0115522433807972
11	93402097	102402097	dup	1.27475781600609e-14	1.02352741450951	10	78446273279819.6	0.0122485766597977
11	93458944	102458944	dup	3.73129820548295e-13	1.02168903151355	9	2680032377285.07	0.0129577335663426
11	93460161	102460161	dup	1.03945883094947e-11	1.02226238567306	8	96203906323.695	0.0137345677554232
11	93837700	102837700	dup	5.6306142938195e-15	1.01177985175268	10	177600515293271	0.0110560430003694
11	93862494	102862494	dup	2.26610410848519e-13	1.01392392548179	9	4412859922258.67	0.0120813008944915
11	94318672	103318672	dup	2.8732379447994e-13	1.01281690992932	9	3480393963924.96	0.0124319516113082
11	95564260	104564260	dup	1.22686436632333e-14	1.00842222029062	10	81508602535812.7	0.0120165138856878
11	100665889	109665889	dup	3.1331716600243e-19	1.00294574864956	12	3191654044235309056	0.00763903899776198
11	100814571	109814571	dup	2.67444778218972e-17	1.00347807068701	11	37390896418297064	0.00861729527767773
11	100847070	109847070	dup	1.48949055583734e-15	0.999755723053483	10	671370487097739	0.00942290160593334
11	102318969	111318969	dup	1.5271079122117e-15	1.00188834176381	10	654832570772098	0.00946922661608256
11	102565732	111565732	dup	3.22674959782088e-15	1.00433465923497	10	309909390141500	0.0103157746275626
11	102576376	111576376	dup	2.12627646671039e-13	1.00476278533954	9	4703057272449.26	0.0118771119267118
11	102595580	111595580	dup	1.14016106477742e-11	1.00752736024926	8	87706906584.7482	0.0137168054866648
11	103052559	112052559	dup	1.69648774445444e-12	1.01939527787222	9	589453123530.57	0.0156271591374115
11	103780456	112780456	dup	2.93049759784969e-11	1.02161171286482	8	34123897618.4034	0.0159194262282689
11	103908736	112908736	dup	4.34499680870258e-10	1.03360694861222	7	2301497662.77642	0.0158334432296775
11	107260892	116260892	dup	1.3207665827084e-08	1.03345295490927	6	75713605.4994195	0.0175092725516443
11	107286944	116286944	dup	7.37990704593791e-07	1.03332257698454	5	1355030.61728999	0.0230317842110715
11	107992347	116992347	dup	7.55583693944524e-09	1.0373082344233	6	132348012.27373	0.0157153136195356
11	110495003	119495003	dup	4.28113732153569e-18	1.02202417259004	13	233582790014614208	0.0126429060010365
11	111325008	120325008	dup	2.37223883556885e-18	1.02638516481941	14	421542715263830528	0.0120863366363789
11	111795086	120795086	dup	3.18710717237416e-17	1.02779511522625	13	31376415850335996	0.0119214321079911
11	112020917	121020917	dup	9.36381743274791e-16	1.02258297902526	12	1067940513772426	0.0125353276159699
11	116633948	125633948	dup	1.34814682626274e-20	1.01617505145496	15	74175896906729766912	0.00990718790657071
11	116693465	125693465	dup	6.84173753789089e-19	1.01383210124807	14	1461617015358750208	0.0107618823880631
11	117063710	126063710	dup	2.82375518443262e-18	1.01578805780756	13	354138349355853248	0.00944998568902247
11	118178008	127178008	dup	1.21973245122381e-21	1.01392937845246	15	8.19851926540661e+20	0.00821570966477549
11	118509669	127509669	dup	6.60919886236902e-20	1.01610285564173	14	15130426861472239616	0.00887538372736085
11	118529704	127529704	dup	1.51368450631001e-18	1.01153345134935	13	660639648375443584	0.00889140560669037
11	118530612	127530612	dup	1.20001702870983e-16	1.01174699207291	12	8333215080082034	0.0100967532714839
11	118827656	127827656	dup	3.80063753750702e-15	1.01105475979146	11	263113751346027	0.0105755761672471
11	119181171	128181171	dup	1.99248292423046e-13	1.01446800202807	10	5018863588937.52	0.0118947138893684
11	119290035	128290035	dup	4.56807936517703e-12	1.01554579899835	9	218910382254.544	0.0121308311110909
11	119999192	128999192	dup	4.4593163574112e-13	1.00629574446167	9	2242496203118.76	0.0130503887856275
11	120280116	129280116	dup	7.26209189564578e-12	0.999882778368664	8	137701369573.632	0.0127622894437085
11	124056788	133056788	dup	7.96265344567759e-15	1.00530624366136	10	125586276838764	0.0114169868957093
11	124766129	133766129	dup	5.03207697544988e-13	1.00338175719898	9	1987250999694.01	0.0132108862385779
11	124862515	133862515	dup	2.5217186143471e-11	1.00774105937984	8	39655495038.6053	0.0153693691273662
11	125322255	134322255	dup	3.37031178892353e-10	0.992348975452593	7	2967084538.84439	0.0145705550392534
11	126201404	135201404	dup	3.14047226150002e-08	0.991757914095344	6	31842344.6135569	0.0199860726317841
11	126228404	135228404	dup	8.28612377872368e-07	0.992687360563026	5	1206836.90794929	0.0227772203304978
11	126277217	135277217	dup	2.07517938495784e-05	0.990255397908593	4	48188.6051513719	0.0263625755576927
11	128868240	137868240	dup	0.000315252689299605	1.02968345770784	3	3172.05858646819	0.0258674475914881
11	130066262	139066262	dup	0.0208723982036238	0.982504896123608	2	47.9101629934591	0.0645178709065394
15	59347930	68347930	dup	0.0409584965696876	0.594105050033553	5	24.4149586471901	0.257045853222794
15	59963489	68963489	dup	1.9538924062382e-07	1.0138646614907	5	5117989.08070524	0.0162035294957908
15	62202483	71202483	dup	1.94195691971601e-07	1.008013475175	5	5149444.81953923	0.0160853363680226
15	63929324	72929324	dup	1.36232252854216e-05	1.00467534818008	4	73404.0566054586	0.0232407859182499
15	66411442	75411442	dup	1.80209319323797e-07	1.00119612297817	6	5549102.58666045	0.0286404529267501
15	67528375	76528375	dup	6.26582313328878e-06	0.977873507812045	5	159595.950719906	0.0372644845903811
15	68613788	77613788	dup	4.40125120411273e-06	0.985712144517795	5	227208.117333897	0.03437494877682
15	70970464	79970464	dup	3.72492394878991e-08	0.996662352637118	6	26846185.6872235	0.0207836120962488
15	73052841	82052841	dup	3.37876202838515e-13	0.994418968935789	9	2959663899377.79	0.0124562053249988
15	75117913	84117913	dup	3.95999739105999e-13	0.999870343786796	9	2525254188948.66	0.0127757715504154
15	75336730	84336730	dup	8.9280117610976e-13	1.00235658187792	8	1120070209088.82	0.00948110037115588
15	77344794	86344794	dup	6.89886075607884e-13	1.00395344145343	8	1449514688521.38	0.0091526049645954
15	78276661	87276661	dup	6.02749091359853e-11	1.00689328032073	7	16590651306.3987	0.011094275013582
15	78789489	87789489	dup	4.57426266847166e-09	1.00570509639077	6	218614468.052426	0.0137801752094903
15	80260015	89260015	dup	6.04108416747402e-09	1.00827843265089	6	165533201.040987	0.0146064233335459
15	80452173	89452173	dup	1.04313902981912e-08	1.02504750943264	5	95864498.5389341	0.00787212379930114
15	80472562	89472562	dup	7.11829768406239e-07	1.03220287441351	4	1404830.26193041	0.00892173103484329
15	80873643	89873643	dup	4.28937284211906e-06	1.03457812732599	4	233134.315156892	0.0162758337119398
15	83334246	92334246	dup	9.66465025232243e-13	0.997862358875006	9	1034698591146.33	0.0142565448210085
15	85200521	94200521	dup	1.9912569943841e-12	0.99467926320688	9	502195348375.563	0.0155572405594397
15	89195527	98195527	dup	3.77275722828827e-16	0.996195282167028	11	2650581363947735	0.0111494254443864
15	89858603	98858603	dup	1.20209479157055e-14	0.996710264971849	10	83188115197928.1	0.0118500360657388
15	90255285	99255285	dup	4.07508926710927e-13	0.991538237538966	9	2453933974087.8	0.0127148145400153
15	90308111	99308111	dup	1.62507423564421e-11	0.993245491983787	8	61535650376.217	0.0142254538718862
15	90892413	99892413	dup	2.00648188067909e-11	0.990493540977802	8	49838476471.1432	0.014620380461127
15	91455322	100455322	dup	3.20430272173489e-10	0.986728396650988	8	3120803765.56487	0.0216550872910837
15	91543762	100543762	dup	6.54594418108007e-09	0.994737338992243	7	152766350.023321	0.0239691315563139
15	91827439	100827439	dup	8.90693426866946e-08	0.997246933827161	6	11227207.5872115	0.0247666189512493
15	93536198	102536198	dup	1.34739719601756e-06	0.999826178798493	5	742171.649871066	0.0259121619160297
15	94884109	103884109	dup	4.61106471822467e-05	0.993121824683933	4	21686.9651828486	0.0345211007989426
15	94899355	103899355	dup	0.00143657866568588	0.984961206137643	3	696.098322971097	0.0529098156955165
15	94945720	103945720	dup	0.0301351155315708	0.994184320003798	2	33.1838780890804	0.0944038848754557
20	16493534	25493534	dup	0.0190903985474549	0.405806915840002	10	52.3823532292529	0.167217143296314
20	18445964	27445964	dup	0.00405555557984389	0.617618295149099	9	246.575340989038	0.176598562680884
20	18523003	27523003	dup	0.00458922969673776	0.656326512986452	8	217.901492424937	0.184189157378549
20	18523039	27523039	dup	0.00690637396691718	0.676148930284104	7	144.793781047795	0.196594796661105
20	19867407	28867407	dup	8.8422902005704e-09	1.00321474039542	6	113092872.696656	0.0156848161558166
20	20208985	29208985	dup	7.13387693380414e-08	1.02042316615697	5	14017623.3663559	0.0126748562298613
20	23424614	32424614	dup	2.25013165661381e-14	1.0368423583221	9	44441843972138.3	0.0092542180705344
20	24994615	33994615	dup	2.18671712570665e-16	1.03030586791266	11	4573065204658527	0.0109184701724675
20	25059547	34059547	dup	4.34430100781706e-15	1.03139025628192	10	230186627998524	0.010949889591829
20	25282945	34282945	dup	1.76831939151187e-13	1.03551018505704	9	5655086998424.11	0.0119614675514951
20	25434140	34434140	dup	9.44358125692575e-12	1.03421108946571	8	105892031083.718	0.013705733149911
20	30382316	39382316	dup	0.00831096913084389	0.408515784390703	13	120.322911113792	0.146899365359541
