Sample	chr	start	end	variant	p.value_min	p.value_max	cells_min	cells_max	cells_avg	snps	windows	logQual
Pat1_t	1	1	109548498	del	0	0.0265	0.83	0.97	0.94	1577	211	60.59
Pat1_t	5	137708435	184581860	del	0	0.006	0.93	0.96	0.95	357	55	45.91
Pat1_t	11	1	134868240	del	0	0.0145	0.44	0.5	0.47	1425	185	55.05
Pat1_t	11	116633948	125290035	del	0	6e-04	0.59	0.67	0.63	77	10	16.32
Pat1_t	15	58476282	100945720	del	0	0.0471	0.35	0.49	0.46	237	44	29.95
Pat1_t	20	19867407	36382316	del	0	0.018	0.46	0.49	0.48	53	13	17.72
Pat1_t	21	26969704	52354751	del	0	0.0073	0.93	0.96	0.94	322	48	41.5
Pat1_t	11	1	139066262	dup	0	0.0209	0.98	1.06	1.01	2296	235	79.88
Pat1_t	11	65161130	82717255	dup	0	0	1.01	1.03	1.03	198	16	40.53
Pat1_t	15	59347930	103945720	dup	0	0.041	0.59	1.01	0.99	272	40	36.24
Pat1_t	15	75117913	89873643	dup	0	0	1	1.03	1.01	105	17	29.67
Pat1_t	20	19867407	34434140	dup	0	0	1	1.04	1.03	110	13	36.81
