Sample	chr	start	end	variant	p.value_min	p.value_max	cells_min	cells_max	cells_avg	snps	qual	sd_low	sd_high	windows	logQual
Pat1_t	1	1	109548498	del	0	0.0265	0.83	0.97	0.94	1577	2.05839163434525e+26	0.807748249054979	0.983630747681017	211	60.59
Pat1_t	1	108307728	115338862	del	2e-04	0.0021	0.75	0.85	0.8	14	4653.6906000616	0.41564318392719	1.09220780976932	2	8.45
Pat1_t	5	137708435	184581860	del	0	0.006	0.93	0.96	0.95	357	86543561057152630784	0.919196448274407	0.969369809079459	55	45.91
Pat1_t	11	1	134868240	del	0	0.0145	0.44	0.5	0.47	1425	8.0724565965392e+23	0.422260924464055	0.531036352252922	185	55.05
Pat1_t	11	116633948	125290035	del	0	6e-04	0.59	0.67	0.63	77	12225831.4344311	0.496969454656541	0.805234814447635	10	16.32
Pat1_t	11	130066262	136066262	del	0.0341	0.0341	0.42	0.42	0.42	2	29.3365148563613	0.327614972491912	0.507071534387947	1	3.38
Pat1_t	15	58476282	100945720	del	0	0.0471	0.35	0.49	0.46	237	10142153215620.4	0.238835680863309	0.58481860987958	44	29.95
Pat1_t	15	83334246	89334246	del	3e-04	3e-04	0.52	0.52	0.52	2	2871.91212993668	0.515351096483155	0.517611017634451	1	7.96
Pat1_t	20	19867407	36382316	del	0	0.018	0.46	0.49	0.48	53	49485102.7323316	0.426538103680137	0.529525836789226	13	17.72
Pat1_t	21	26969704	52354751	del	0	0.0073	0.93	0.96	0.94	322	1059097833906084992	0.891926767073361	0.974263845865021	48	41.5
Pat1_t	11	1	139066262	dup	0	0.0209	0.98	1.06	1.01	2296	4.92904372620429e+34	0.859167884275036	1.07571962292631	235	79.88
Pat1_t	11	65161130	82717255	dup	0	0	1.01	1.03	1.03	198	399710056134240704	0.992990497419187	1.06633496237106	16	40.53
Pat1_t	15	59347930	103945720	dup	0	0.041	0.59	1.01	0.99	272	5483159871014006	0.418652021004456	1.16339362645342	40	36.24
Pat1_t	15	75117913	89873643	dup	0	0	1	1.03	1.01	105	7698568587046.27	0.986454468230403	1.06506119663398	17	29.67
Pat1_t	20	16493534	39382316	dup	0.0041	0.0191	0.41	0.68	0.55	47	781.975878804815	0.0938586990289622	0.948329350729279	5	6.66
Pat1_t	20	19867407	34434140	dup	0	0	1	1.04	1.03	110	9706909452445516	0.983773867411656	1.05962643555133	13	36.81
