chr	start	end	variant	p.value	cells	snps	qual	sd
2	11702662	28012872.15	del	0.00123593555867601	0.618731299019951	10	809.103672906091	0.149519786717534
2	11738092	28048302.15	del	0.000268168229727961	0.742200324964419	9	3729.00250344507	0.134757752711053
2	11758492	28068702.15	del	2.53675806362046e-07	0.913949993191295	8	3942039.30733859	0.0616169104515505
2	18768851	35079061.15	del	0.00040258635419555	0.653517138231178	11	2483.93913399823	0.138701104756845
2	24524959	40835169.15	del	0.00166871447414238	0.499069694418996	13	599.263693996507	0.1370074293819
2	26607993	42918203.15	del	0.00563372928893386	0.404259232509681	13	177.502316620762	0.135252941626184
6	99825349	116135559.15	del	7.82821929643024e-09	0.938510349685331	5	127742972.205187	0.0102169218869219
6	108214695	124524905.15	del	0.00135789778041558	0.742819382217265	7	736.432457893814	0.152976239347687
6	109752385	126062595.15	del	0.00452127520371199	0.721053569395388	6	221.176538685147	0.175816145440545
12	39698642	56008852.15	del	9.05281991365359e-07	0.363629224154043	17	1104628.18164734	0.0519773261476462
12	40834377	57144587.15	del	2.68020187565384e-07	0.378972225384429	17	3731062.23484024	0.049431055873622
12	41337436	57647646.15	del	9.74706449736427e-09	0.405036520411705	17	102594991.576224	0.0431333559300503
12	48413951	64724161.15	del	3.42567150372488e-08	0.380156335937847	19	29191357.049637	0.0455781053471966
12	49048739	65358949.15	del	7.88261723628268e-08	0.356737232391206	21	12686141.798147	0.0472626360318802
12	49500399	65810609.15	del	7.73174879508403e-09	0.386081864220446	20	129336845.583475	0.0440006496838942
12	50526815	66837025.15	del	2.07982529949297e-08	0.385482697189062	19	48080961.4270865	0.0453835367045403
12	50537816	66848026.15	del	9.08196161204317e-08	0.37810445607706	18	11010837.1155626	0.0475379624493243
12	51089735	67399945.15	del	3.70869731788674e-07	0.370532028461412	17	2696364.5568407	0.0498658020827556
12	51681904	67992114.15	del	1.14555673666016e-06	0.367060505699572	16	872937.994250263	0.0523251062943835
12	51723500	68033710.15	del	5.39682466867258e-06	0.35748741228626	15	185294.142647396	0.0562537727666878
12	52312945	68623155.15	del	3.31347637340333e-05	0.326937549808504	15	30179.7836262488	0.0602743176364298
12	52681057	68991267.15	del	0.000108548270615202	0.311623820288415	14	9212.49131222871	0.0627750699001626
12	52774306	69084516.15	del	0.000805645340916124	0.262647851877179	14	1241.24096449546	0.0671015626860203
20	16493534	32803744.15	del	1.42253449480027e-05	0.352188506115786	15	70297.0651084567	0.0586187731076548
20	18445964	34756174.15	del	4.28440687742033e-09	0.418561818665534	17	233404536.172836	0.0400686105749016
20	18523003	34833213.15	del	3.42963941173791e-09	0.427366753586409	16	291575842.223386	0.0387079708828183
20	18523039	34833249.15	del	3.62287665531505e-09	0.433574817317469	15	276023749.948241	0.0376067507044243
20	19867407	36177617.15	del	6.08741638736611e-16	0.460706965275285	16	1642733035439158	0.0202620744822439
20	20208985	36519195.15	del	2.29958865445164e-14	0.464008918619949	15	43486038168789.9	0.0220275446698354
20	23424614	39734824.15	del	2.28687744733995e-06	0.337967289928177	18	437277.476833391	0.0519122214588634
20	24994615	41304825.15	del	1.88667315767883e-05	0.292843792827454	19	53003.3512126868	0.0544602126486708
20	25059547	41369757.15	del	3.33954748202655e-05	0.291806602954677	18	29944.1767299912	0.0561312713401902
20	25282945	41593155.15	del	0.000118998759833505	0.274858450596565	17	8403.44892164534	0.0588325589922695
20	25434140	41744350.15	del	0.000376281791043832	0.25662837196107	16	2657.58275792706	0.0613224908370102
12	27064233	54578435.5999999	dup	5.41455633566864e-05	0.54737225612196	21	18468.7338722926	0.114201161702528
12	27627806	55142008.5999999	dup	4.5149316201457e-05	0.574777321478926	20	22148.7296848082	0.116548296318534
12	29642574	57156776.5999999	dup	1.01602756563437e-05	0.636425663566826	20	98422.5264966741	0.11357401005572
12	29936627	57450829.5999999	dup	4.5306546538821e-06	0.686000225606622	19	220718.654674584	0.112751468961586
12	32777363	60291565.5999999	dup	1.62167777068895e-07	0.743596302849258	21	6166453.1516342	0.100161429193171
12	39698642	67212844.5999999	dup	4.05897698345186e-07	0.668516350009078	24	2463674.97050839	0.100728376609545
12	40834377	68348579.5999999	dup	1.11396469465054e-06	0.637830309306632	24	897694.51832915	0.102568175838671
12	41337436	68851638.5999999	dup	5.67239704756402e-07	0.674913879802861	23	1762923.13745817	0.102369556083657
12	48413951	75928153.5999999	dup	5.68482739961497e-06	0.540879298803067	27	175906.835811361	0.100252342786277
12	49048739	76562941.5999999	dup	8.80979679821713e-06	0.525779643115089	27	113509.996076456	0.100533946319382
12	49500399	77014601.5999999	dup	5.26093439514496e-06	0.55911617041882	26	190080.302260155	0.1021748649284
12	50526815	78041017.5999999	dup	8.8061881444198e-06	0.554920951734559	25	113556.510898949	0.104264508184027
12	50537816	78052018.5999999	dup	2.19419961641776e-05	0.533205766275004	24	45574.7048954732	0.106454137356941
12	51089735	78603937.5999999	dup	6.59302538650701e-05	0.485528912015794	24	15167.5435991276	0.106238138482958
12	51681904	79196106.5999999	dup	0.000126790786294216	0.47090600916934	23	7887.00842724891	0.108416139454886
12	51723500	79237702.5999999	dup	0.000361985116887485	0.437483630537357	22	2762.54451729524	0.110898590224398
12	52312945	79827147.5999999	dup	0.000552276294154349	0.429942021330008	21	1810.6878940571	0.113214694509789
12	52681057	80195259.5999999	dup	0.000552276294154349	0.429942021330008	21	1810.6878940571	0.113214694509789
12	52774306	80288508.5999999	dup	0.00159649903342736	0.385573267717216	20	626.370564004164	0.114565686406978
12	52965783	80479985.5999999	dup	0.00424923596158402	0.338393846023807	19	235.336424957493	0.114808913353894
12	52986188	80500390.5999999	dup	0.0102194752736775	0.290425764550424	18	97.8523821644463	0.113839984424275
20	3204085	30718287.5999999	dup	0.00610500793707573	0.289322813032495	21	163.799950844781	0.105069880650692
20	3218635	30732837.5999999	dup	0.0056145840014317	0.308802841588171	20	178.107585485408	0.110039539004121
20	3275240	30789442.5999999	dup	0.00551007166622017	0.325754450454787	19	181.485842757829	0.115041174620863
20	3451909	30966111.5999999	dup	0.0041699675673815	0.360790239018134	18	239.810018625143	0.12100344619988
20	3624831	31139033.5999999	dup	0.00337319883261335	0.394215140582375	17	296.454507908525	0.126869643196454
20	3759440	31273642.5999999	dup	0.00416874401195563	0.397971720514586	16	239.880404537213	0.131170771530049
20	7920987	35435189.5999999	dup	7.00233706413182e-06	0.603625517972617	23	142809.46358928	0.10890911438649
20	8755244	36269446.5999999	dup	3.22175117695259e-06	0.632589384735954	23	310390.202432047	0.107799383515377
20	8770823	36285025.5999999	dup	1.17625566163802e-06	0.683053887941774	22	850155.312840265	0.106819027034922
20	9288523	36802725.5999999	dup	1.37368935651426e-06	0.675349785520023	22	727966.621607597	0.10676686557807
20	16493534	44007736.5999999	dup	3.62261585005603e-06	0.575705567427884	26	276043.621899499	0.102302264252481
20	18445964	45960166.5999999	dup	3.31910104588209e-06	0.549442530422885	28	301286.398388103	0.0988228645013559
20	18523003	46037205.5999999	dup	4.05758371431205e-06	0.556336075663293	27	246452.093267421	0.100573516303697
20	18523039	46037241.5999999	dup	5.30397492650741e-06	0.561189711278362	26	188537.844513998	0.102431422389491
20	19867407	47381609.5999999	dup	2.44310696688278e-06	0.585634069126677	26	409314.865683481	0.101327454365562
20	20208985	47723187.5999999	dup	8.31005393479351e-06	0.55949344723011	25	120336.162418042	0.104517900245299
20	23424614	50938816.5999999	dup	2.94952834081798e-05	0.480856167906656	27	33903.7257639191	0.100599867430914
20	24994615	52508817.5999999	dup	6.87642842505332e-05	0.459940640643077	26	14542.4330508064	0.102440063654016
20	25059547	52573749.5999999	dup	0.000101324049587875	0.456796247984348	25	9869.3252398359	0.104511995524042
20	25282945	52797147.5999999	dup	0.000311424325183745	0.39445606483024	26	3211.05295615551	0.100983830770989
20	25434140	52948342.5999999	dup	0.000820990241620919	0.358566761480706	25	1218.04127418817	0.101218994436694
